&INSTATE
  TOKAMAK_ID = 'd3d' 
  MODEL_SHAPE = 0 
  DENSITY_MODEL = 0 
  R0 = 1.6955 
  B0 = 1.9094859 
  IP = 0.7489075 
  KAPPA = 1.7491667 
  DELTA = 0.6510614 
  ASPECT = 0.3566686 
  RMAJOR = 1.6955 
  AMINOR = 0.6047316 
  N_ION = 1 
  Z_ION = 1 
  A_ION = 2 
  F_ION = 1 
  N_IMP = 1 
  Z_IMP = 6 
  A_IMP = 12 
  F_IMP = 1 
  N_MIN = 0 
  Z_MIN = 1 
  A_MIN = 1 
  N_BEAM = 1 
  Z_BEAM = 1 
  A_BEAM = 2 
  N_FUSION = 1 
  Z_FUSION = 2 
  A_FUSION = 4 
  RHO = 0.0 0.01 0.02 0.03 0.04 0.05 0.06 0.07 0.08 0.09 0.1 0.11 0.12  
    0.13 0.14 0.15 0.16 0.17 0.18 0.19 0.2 0.21 0.22 0.23 0.24 0.25  
    0.26 0.27 0.28 0.29 0.3 0.31 0.32 0.33 0.34 0.35 0.36 0.37 0.38  
    0.39 0.4 0.41 0.42 0.43 0.44 0.45 0.46 0.47 0.48 0.49 0.5 0.51 0.52  
    0.53 0.54 0.55 0.56 0.57 0.58 0.59 0.6 0.61 0.62 0.63 0.64 0.65  
    0.66 0.67 0.68 0.69 0.7 0.71 0.72 0.73 0.74 0.75 0.76 0.77 0.78  
    0.79 0.8 0.81 0.82 0.83 0.84 0.85 0.86 0.87 0.88 0.89 0.9 0.91 0.92  
    0.93 0.94 0.95 0.96 0.97 0.98 0.99 1.0 
  NRHO = 101 
  PSIPOL = -0.3818309 -0.3817761 -0.3816107 -0.3813337 -0.380946  
    -0.38045 -0.3798467 -0.3791351 -0.3783143 -0.3773833 -0.3763417  
    -0.3751889 -0.3739239 -0.3725466 -0.371058 -0.3694585 -0.3677491  
    -0.3659308 -0.3640053 -0.3619749 -0.3598424 -0.3576111 -0.3552851  
    -0.3528685 -0.3503663 -0.347784 -0.3451272 -0.3424023 -0.3396157  
    -0.3367742 -0.3338846 -0.3309538 -0.3279886 -0.3249956 -0.3219812  
    -0.3189512 -0.315911 -0.3128658 -0.3098198 -0.3067769 -0.3037405  
    -0.3007135 -0.2976984 -0.2946974 -0.2917124 -0.2887449 -0.2857964  
    -0.282868 -0.2799608 -0.2770756 -0.2742131 -0.2713738 -0.2685585  
    -0.2657673 -0.2630006 -0.2602588 -0.257542 -0.2548502 -0.2521837  
    -0.2495425 -0.2469264 -0.2443356 -0.2417699 -0.2392293 -0.2367137  
    -0.234223 -0.231757 -0.2293158 -0.2268993 -0.2245073 -0.2221399  
    -0.2197972 -0.2174791 -0.2151858 -0.2129175 -0.2106744 -0.2084567  
    -0.206265 -0.2040994 -0.2019606 -0.199849 -0.1977652 -0.1957099  
    -0.1936838 -0.1916877 -0.1897225 -0.1877893 -0.1858892 -0.1840233  
    -0.1821933 -0.1804006 -0.1786474 -0.176936 -0.1752692 -0.1736507  
    -0.172085 -0.1705789 -0.1691348 -0.1677895 -0.1665498 -0.16575 
  RHOPSI = 0.0 0.1 0.1414214 0.1732051 0.2 0.2236068 0.244949 0.2645751  
    0.2828427 0.3 0.3162278 0.3316625 0.3464102 0.3605551 0.3741657  
    0.3872983 0.4 0.4123106 0.4242641 0.4358899 0.4472136 0.4582576  
    0.4690416 0.4795832 0.4898979 0.5 0.509902 0.5196152 0.5291503  
    0.5385165 0.5477226 0.5567764 0.5656854 0.5744563 0.5830952  
    0.591608 0.6 0.6082763 0.6164414 0.6244998 0.6324555 0.6403124  
    0.6480741 0.6557439 0.663325 0.6708204 0.678233 0.6855655 0.6928203  
    0.7 0.7071068 0.7141428 0.7211103 0.728011 0.7348469 0.7416198  
    0.7483315 0.7549834 0.7615773 0.7681146 0.7745967 0.781025  
    0.7874008 0.7937254 0.8 0.8062258 0.8124038 0.8185353 0.8246211  
    0.8306624 0.83666 0.842615 0.8485281 0.8544004 0.8602325 0.8660254  
    0.8717798 0.8774964 0.8831761 0.8888194 0.8944272 0.9 0.9055385  
    0.9110434 0.9165151 0.9219544 0.9273618 0.9327379 0.9380832  
    0.9433981 0.9486833 0.9539392 0.9591663 0.9643651 0.969536  
    0.9746794 0.9797959 0.9848858 0.9899495 0.9949874 1.0 
  Q = -1.0892392 -1.0863068 -1.0775097 -1.0733294 -1.0770516 -1.0836063  
    -1.0876813 -1.0885944 -1.0881672 -1.0871555 -1.0857512 -1.0842573  
    -1.0815897 -1.0806534 -1.0799337 -1.0798229 -1.0803576 -1.0815627  
    -1.0836377 -1.0869285 -1.0914412 -1.0973127 -1.1045942 -1.1134172  
    -1.1239148 -1.1361768 -1.1502999 -1.1663875 -1.184516 -1.2047746  
    -1.2272259 -1.2519061 -1.2788316 -1.3080264 -1.3394569 -1.3730765  
    -1.4088446 -1.4466495 -1.4863774 -1.5279593 -1.5712866 -1.6162972  
    -1.6629311 -1.7111123 -1.7608068 -1.8119795 -1.8645937 -1.9186289  
    -1.9740641 -2.0308823 -2.0890765 -2.1486336 -2.2095491 -2.2718153  
    -2.3354271 -2.4003853 -2.4666857 -2.5343268 -2.603309 -2.6736291  
    -2.7452937 -2.8183107 -2.8926936 -2.9684592 -3.0456248 -3.1242193  
    -3.2042867 -3.2858813 -3.3690674 -3.4539277 -3.5405683 -3.6291106  
    -3.7196959 -3.8124899 -3.9076742 -4.0054628 -4.1060808 -4.2097935  
    -4.3168805 -4.4276683 -4.5425095 -4.6618079 -4.7860249 -4.915684  
    -5.0513954 -5.1938704 -5.3439527 -5.5026634 -5.6712981 -5.8513457  
    -6.0450316 -6.2551147 -6.4851539 -6.7400825 -7.0268912 -7.358371  
    -7.7559897 -8.1733837 -9.1420735 -9.8064786 -30.0082335 
  NE = 3.1006756 3.1004229 3.0996671 3.0984121 3.096661 3.094418  
    3.0916862 3.0884694 3.0847714 3.0805954 3.0759454 3.0708249  
    3.0652372 3.0591864 3.0526757 3.0457088 3.0382895 3.0304212  
    3.0221078 3.0133524 3.0041587 2.9945309 2.9844724 2.9739857  
    2.9630761 2.9517461 2.9399995 2.9278403 2.9152715 2.9022973  
    2.8889209 2.8751462 2.8609763 2.8464153 2.8314667 2.8161343  
    2.800421 2.7843311 2.7678677 2.7510352 2.7338365 2.7162749 2.698355  
    2.6800798 2.661453 2.6424783 2.6231592 2.6034988 2.583502 2.5631712  
    2.5425105 2.5215234 2.5002135 2.4785848 2.4566402 2.4343836  
    2.411819 2.3889494 2.3657787 2.3423107 2.3185486 2.2944961  
    2.2701568 2.2455346 2.220633 2.1954555 2.1700061 2.1442916  
    2.1183198 2.0920986 2.065636 2.0389391 2.0120166 1.9848754  
    1.9575239 1.9299697 1.9022208 1.8742846 1.8461692 1.8178822  
    1.7894316 1.760825 1.7320704 1.7031753 1.6741478 1.6449957  
    1.6157266 1.5863482 1.5568685 1.5272953 1.4976364 1.4678996  
    1.4380925 1.4082231 1.3782991 1.3483283 1.3183187 1.2882777  
    1.2582134 1.2281336 1.1980459 
  TE = 1.74281 1.7421392 1.740151 1.7368814 1.7323663 1.7266417  
    1.7197437 1.7117083 1.7025714 1.6923691 1.6811374 1.6689123  
    1.6557298 1.641626 1.6266367 1.610798 1.594146 1.5767167 1.558546  
    1.5396699 1.5201246 1.4999457 1.4791697 1.4578323 1.4359696  
    1.4136176 1.3908124 1.3675897 1.3439859 1.3200369 1.2957785  
    1.2712468 1.2464779 1.2215078 1.1963724 1.1711078 1.14575 1.120335  
    1.0948987 1.0694773 1.0441067 1.0188228 0.9936618 0.9686597  
    0.9438524 0.9192759 0.8949662 0.8709594 0.8472915 0.8239984  
    0.8011163 0.7786735 0.7566687 0.7350929 0.7139371 0.6931926  
    0.6728503 0.6529011 0.6333363 0.6141469 0.5953239 0.5768584  
    0.5587415 0.5409642 0.5235176 0.5063929 0.4895809 0.4730728  
    0.4568596 0.4409325 0.4252824 0.4099005 0.3947777 0.3799052  
    0.3652741 0.3508753 0.3366999 0.3227391 0.3089838 0.2954251  
    0.2820542 0.268862 0.2558396 0.2429781 0.2302686 0.217702 0.2052695  
    0.1929622 0.180771 0.1686871 0.1567015 0.1448053 0.1329895  
    0.1212452 0.1095635 0.0979354 0.086352 0.0748043 0.0632835  
    0.0517805 0.0402865 
  TI = 2.479255 2.4765677 2.4687269 2.4560628 2.4389062 2.4175875  
    2.3924372 2.3637862 2.3319647 2.2973037 2.2601337 2.2207851  
    2.1795888 2.1368749 2.0929744 2.0482178 2.0029356 1.9574584  
    1.9121169 1.8672417 1.8231632 1.7801734 1.7383347 1.6976252  
    1.6580227 1.619506 1.5820523 1.5456401 1.5102469 1.4758514  
    1.4424307 1.4099637 1.3784278 1.3478012 1.3180622 1.2891885  
    1.2611581 1.2339493 1.2075395 1.1819073 1.1570304 1.1328872  
    1.1094551 1.0867125 1.0646374 1.0432076 1.0224013 1.0021967  
    0.9825714 0.9635037 0.9449713 0.9269524 0.909425 0.8923674  
    0.8757573 0.8595723 0.8437912 0.8283915 0.8133515 0.7986489  
    0.784262 0.7701688 0.7563469 0.7427748 0.7294304 0.7162915  
    0.7033362 0.6905426 0.6778886 0.6653523 0.6529117 0.6405447  
    0.6282295 0.6159439 0.6036661 0.5913739 0.5790455 0.5666588  
    0.5541918 0.5416226 0.5289291 0.5160894 0.5030816 0.4898834  
    0.4764731 0.4628285 0.4489278 0.4347489 0.4202699 0.4054686  
    0.3903232 0.3748235 0.3589976 0.342882 0.3265126 0.309926 0.2931582  
    0.2762454 0.259224 0.2421301 0.225 
  ZEFF = 1.301801 1.3017827 1.301729 1.3016421 1.301524 1.3013768  
    1.3012024 1.3010029 1.3007801 1.3005361 1.3002728 1.299992  
    1.2996959 1.2993863 1.2990651 1.2987343 1.2983959 1.2980518  
    1.297704 1.2973546 1.2970055 1.2966588 1.2963166 1.2959812  
    1.2956544 1.2953387 1.2950362 1.2947492 1.2944801 1.2942313  
    1.2940052 1.2938043 1.2936313 1.2934888 1.2933796 1.2933065  
    1.2932725 1.2932805 1.2933337 1.2934354 1.2935888 1.2937976  
    1.2940653 1.2943955 1.2947925 1.29526 1.2958023 1.2964241 1.2971297  
    1.2979242 1.2988124 1.2997996 1.3008914 1.3020936 1.3034122  
    1.3048537 1.3064246 1.308132 1.3099833 1.3119863 1.3141493  
    1.3164807 1.3189898 1.3216862 1.3245802 1.3276825 1.3310044  
    1.3345576 1.3383541 1.3424069 1.3467297 1.3513368 1.3562436  
    1.3614666 1.3670228 1.3729311 1.3792108 1.3858831 1.3929703  
    1.4004961 1.4084857 1.4168838 1.4254517 1.4339109 1.4419635  
    1.4492901 1.4555481 1.460369 1.4555206 1.454408 1.4467518 1.4319077  
    1.4094167 1.3791104 1.3412459 1.296674 1.2470337 1.1949388  
    1.1440648 1.0993529 1.0651792 
  P_EQ = 25793.6808575 25776.4669307 25724.8251506 25629.4246265  
    25496.9730541 25329.6906093 25126.9326407 24890.0932708  
    24621.9235971 24325.3933602 24003.1185193 23657.1663562  
    23289.3943241 22901.1180229 22496.1484414 22076.6012738  
    21644.3926826 21201.2876997 20749.5031467 20290.2783173  
    19827.7709532 19365.3766388 18901.69968 18438.122124 17976.8840392  
    17516.2645881 17057.0447192 16602.2098564 16151.1253752  
    15703.6070459 15261.9629607 14826.5877315 14395.8852112  
    13971.1950482 13553.4233458 13142.8479731 12740.0717915  
    12344.9803651 11957.7726508 11578.7101759 11207.9008853  
    10845.5745495 10491.9563016 10146.9941303 9810.6190197 9482.9679938  
    9164.1374248 8854.1326942 8552.8705896 8260.3496017 7976.487076  
    7701.1431817 7434.0088599 7174.9113692 6923.6179902 6679.843199  
    6443.2331986 6213.4924443 5990.3689392 5773.6431699 5563.0897576  
    5358.4943111 5159.5905061 4966.1677513 4777.977305 4594.7656143  
    4416.5795102 4243.1403485 4074.2909174 3909.8739162 3749.7442061  
    3593.7636672 3441.8027576 3293.7351249 3149.4452228 3008.8199896  
    2871.7552549 2738.1449678 2607.8924592 2480.9061166 2357.0973337  
    2236.4041389 2118.8076494 2004.2857624 1892.8199925 1784.3887675  
    1678.9585998 1576.4950747 1477.8487664 1381.3357617 1287.9590021  
    1197.6588961 1110.4227109 1026.2042124 944.9129078 866.4192856  
    790.5621002 717.1688887 645.9932767 576.6576172 508.8092845 
  OMEGA = 81093.4296875 81063.968749 80976.6406201 80832.9999888  
    80634.6406052 80383.117208 80080.0077688 79726.8750112  
    79325.3124242 78876.8595431 78383.1094517 77845.6327793  
    77265.9920268 76645.7653202 75986.5156654 75289.8285507  
    74557.2575445 73790.3829525 72990.7740204 72159.9997985  
    71299.648698 70411.280659 69496.4530145 68556.7503969 67593.7416651  
    66609.0 65604.1005954 64580.6065759 63540.0899687 62484.1241131  
    61414.2825326 60332.1291655 59239.249215 58137.2006688  
    57027.5550854 55911.8860524 54791.7711356 53668.7817858  
    52544.4799327 51420.4397996 50298.2389491 49179.441007  
    48065.6157312 46958.3406328 45859.1872391 44769.7213643  
    43691.5165193 42626.1483114 41575.1824748 40540.1923849 39522.75  
    38524.4248391 37546.7911255 36591.4152699 35659.873065  
    34753.7276264 33874.5587999 33023.9408088 32203.4361576  
    31414.6190695 30659.0603526 29938.3310824 29254.0081295  
    28607.6520453 28000.839005 27433.6842397 26903.1185342  
    26405.6218986 25937.6839189 25495.7928662 25076.4350586  
    24676.0987673 24291.2725679 23918.4382029 23554.0882357  
    23194.7070312 22836.7828608 22476.8039956 22111.2567538  
    21736.6277703 21349.4047679 20946.0743172 20523.1266426  
    20077.0422027 19604.3190344 19101.4328784 18564.8796995  
    17991.1428611 17376.7067281 16718.0693374 16011.7033351  
    15254.1085015 14441.7621449 13571.1588472 12638.7819967  
    11641.1218179 10574.6607225 9435.8910583 8221.3119516 6937.0320039  
    5615.6416016 
  PPRIME = -0.0 -0.0 -0.0 -0.0 -0.0 -0.0 -0.0 -0.0 -0.0 -0.0 -0.0 -0.0  
    -0.0 -0.0 -0.0 -0.0 -0.0 -0.0 -0.0 -0.0 -0.0 -0.0 -0.0 -0.0 -0.0  
    -0.0 -0.0 -0.0 -0.0 -0.0 -0.0 -0.0 -0.0 -0.0 -0.0 -0.0 -0.0 -0.0  
    -0.0 -0.0 -0.0 -0.0 -0.0 -0.0 -0.0 -0.0 -0.0 -0.0 -0.0 -0.0 -0.0  
    -0.0 -0.0 -0.0 -0.0 -0.0 -0.0 -0.0 -0.0 -0.0 -0.0 -0.0 -0.0 -0.0  
    -0.0 -0.0 -0.0 -0.0 -0.0 -0.0 -0.0 -0.0 -0.0 -0.0 -0.0 -0.0 -0.0  
    -0.0 -0.0 -0.0 -0.0 -0.0 -0.0 -0.0 -0.0 -0.0 -0.0 -0.0 -0.0 -0.0  
    -0.0 -0.0 -0.0 -0.0 -0.0 -0.0 -0.0 -0.0 -0.0 -0.0 -0.0 
  FFPRIME = -2.5231217 -2.5425216 -2.5238893 -2.4372846 -2.4079271  
    -2.3957778 -2.4112498 -2.4444997 -2.4828918 -2.5254596 -2.5693394  
    -2.6107448 -2.6476428 -2.6805768 -2.7087615 -2.7293376 -2.7416956  
    -2.7447887 -2.7372438 -2.7199664 -2.6938623 -2.6550507 -2.6025513  
    -2.5388165 -2.4623833 -2.3738991 -2.2778046 -2.1743128 -2.0630411  
    -1.9477556 -1.8310705 -1.7129641 -1.5958014 -1.4832135 -1.3764841  
    -1.276416 -1.1837341 -1.0985772 -1.0209816 -0.9507853 -0.8875243  
    -0.8307441 -0.7799021 -0.7341425 -0.6929028 -0.6558793 -0.6226451  
    -0.5927607 -0.5658745 -0.5416989 -0.5199259 -0.5002462 -0.4824982  
    -0.4665537 -0.4521617 -0.4391367 -0.4273806 -0.4168374 -0.4074625  
    -0.3991426 -0.3917166 -0.385025 -0.3789588 -0.373436 -0.3683126  
    -0.3635699 -0.3589853 -0.3542962 -0.3494194 -0.3441526 -0.3383316  
    -0.3318391 -0.3245704 -0.3164393 -0.3073906 -0.2974071 -0.2864972  
    -0.2746848 -0.2620183 -0.2485718 -0.2344521 -0.2197968 -0.2047438  
    -0.1894199 -0.1739374 -0.1583795 -0.142812 -0.1278524 -0.1128511  
    -0.0976529 -0.0830068 -0.068678 -0.0545627 -0.0404514 -0.0260601  
    -0.0110108 0.0049017 0.0234897 0.0452507 0.1068953 0.1204383 
  J_OH = 1.6545234 1.6579145 1.6543449 1.6307298 1.5961264 1.5753528  
    1.573447 1.5776657 1.5802377 1.582915 1.5861177 1.5885991 1.5899389  
    1.5898225 1.5870138 1.5814223 1.572647 1.5603348 1.5440154  
    1.5232498 1.4975883 1.4672956 1.4326026 1.3931003 1.3493283  
    1.3015818 1.2502013 1.195872 1.1392305 1.0811754 1.0222458  
    0.9635067 0.905914 0.8502981 0.7971189 0.747119 0.7005155 0.6576831  
    0.6184308 0.5827528 0.5504819 0.5212531 0.4947961 0.470851  
    0.4491838 0.4295193 0.4116097 0.3952769 0.3804096 0.3668259  
    0.3544503 0.3431765 0.3329056 0.3235672 0.3150865 0.3074175  
    0.3005025 0.2942604 0.2886555 0.2836589 0.2791927 0.2751977  
    0.2716152 0.2684081 0.2654292 0.2626603 0.2600054 0.2573685  
    0.2546357 0.2517616 0.2486487 0.24522 0.2414094 0.2371697 0.2324609  
    0.2272577 0.2215469 0.2153561 0.2087036 0.201624 0.1941662  
    0.1863904 0.1783648 0.1701598 0.161836 0.1534541 0.1450547  
    0.1367793 0.1286669 0.1205741 0.1125764 0.1047759 0.0971238  
    0.0895586 0.081998 0.0743408 0.0664544 0.0581975 0.0496063  
    0.0402322 0.0409062 
  J_BS = 0.0 0.0015539 0.0069813 0.016326 0.0262867 0.0336303 0.0378476  
    0.0408038 0.0436043 0.0460854 0.0481822 0.0499534 0.0514283  
    0.0527044 0.053818 0.05471 0.055368 0.0558283 0.0560936 0.0562003  
    0.0562127 0.0561376 0.0560329 0.0559746 0.0559404 0.0559088  
    0.0559209 0.0559743 0.0560454 0.056155 0.0563095 0.0564768  
    0.0566619 0.0568728 0.057095 0.0573288 0.0575572 0.0577687  
    0.0579657 0.0581338 0.0582651 0.058359 0.0584043 0.0583971  
    0.0583356 0.0582155 0.0580365 0.0577928 0.0574825 0.0571054  
    0.0566636 0.0561802 0.0556784 0.0551634 0.0546363 0.054094  
    0.0535375 0.0529708 0.0523908 0.0517967 0.0511918 0.0505769  
    0.0499503 0.0493113 0.0486608 0.0479998 0.0473273 0.0466422  
    0.0459447 0.0452346 0.0445124 0.0437775 0.0430299 0.0422688  
    0.0414939 0.0407053 0.0399015 0.0390798 0.0382386 0.0373765  
    0.0364869 0.0355576 0.034581 0.0335566 0.0324852 0.0313669  
    0.0302012 0.0288157 0.0275496 0.0263562 0.02491 0.0234361 0.0219249  
    0.0203719 0.0187693 0.0171009 0.0153249 0.0134534 0.0114143  
    0.0096372 0.0082635 
  J_NB = 0.0434044 0.0459978 0.0537783 0.0603213 0.065558 0.0684035  
    0.0698212 0.0704617 0.0710206 0.0711971 0.0709023 0.0703724  
    0.0696451 0.0684965 0.067241 0.0658857 0.0647337 0.063474 0.0621157  
    0.0607354 0.0593076 0.0578914 0.0564275 0.0548797 0.0529624  
    0.0510877 0.0492662 0.0472522 0.0451501 0.0428026 0.0406174  
    0.0385985 0.0365325 0.0344901 0.0328689 0.0313275 0.0300577  
    0.0288201 0.0276655 0.0265244 0.0253277 0.0241651 0.0231177  
    0.0221024 0.0210175 0.0199398 0.0189411 0.0180371 0.0171679  
    0.0163727 0.0156137 0.0148893 0.0142068 0.0135492 0.0129024  
    0.0122645 0.0116518 0.0110876 0.0105707 0.0100705 0.0095828  
    0.0091024 0.0086373 0.0081828 0.007829 0.0074872 0.0071497  
    0.0068438 0.0065996 0.0063497 0.0060951 0.0058427 0.0055948  
    0.0053441 0.0050915 0.0048446 0.0046159 0.0043863 0.004157  
    0.0039287 0.0037052 0.0034853 0.0032688 0.0030565 0.0028508  
    0.0026459 0.0024469 0.0022548 0.0020688 0.0018909 0.0017139  
    0.0015389 0.0013731 0.0012161 0.0010656 0.0009213 0.0007836  
    0.0006542 0.0005331 0.0004139 0.0002896 
  J_EC = 0.0 0.0 0.0 0.0 0.0 0.0 0.0 0.0 0.0 0.0 0.0 0.0 0.0 0.0 0.0  
    0.0 0.0 0.0 0.0 0.0 0.0 0.0 0.0 0.0 0.0 0.0 0.0 0.0 0.0 0.0 0.0 0.0  
    0.0 0.0 0.0 0.0 0.0 0.0 0.0 0.0 0.0 0.0 0.0 0.0 0.0 0.0 0.0 0.0 0.0  
    0.0 0.0 0.0 0.0 0.0 0.0 0.0 0.0 0.0 0.0 0.0 0.0 0.0 0.0 0.0 0.0 0.0  
    0.0 0.0 0.0 0.0 0.0 0.0 0.0 0.0 0.0 0.0 0.0 0.0 0.0 0.0 0.0 0.0 0.0  
    0.0 0.0 0.0 0.0 0.0 0.0 0.0 0.0 0.0 0.0 0.0 0.0 0.0 0.0 0.0 0.0 0.0  
    0.0 
  J_IC = 0.0 0.0 0.0 0.0 0.0 0.0 0.0 0.0 0.0 0.0 0.0 0.0 0.0 0.0 0.0  
    0.0 0.0 0.0 0.0 0.0 0.0 0.0 0.0 0.0 0.0 0.0 0.0 0.0 0.0 0.0 0.0 0.0  
    0.0 0.0 0.0 0.0 0.0 0.0 0.0 0.0 0.0 0.0 0.0 0.0 0.0 0.0 0.0 0.0 0.0  
    0.0 0.0 0.0 0.0 0.0 0.0 0.0 0.0 0.0 0.0 0.0 0.0 0.0 0.0 0.0 0.0 0.0  
    0.0 0.0 0.0 0.0 0.0 0.0 0.0 0.0 0.0 0.0 0.0 0.0 0.0 0.0 0.0 0.0 0.0  
    0.0 0.0 0.0 0.0 0.0 0.0 0.0 0.0 0.0 0.0 0.0 0.0 0.0 0.0 0.0 0.0 0.0  
    0.0 
  J_LH = 0.0 0.0 0.0 0.0 0.0 0.0 0.0 0.0 0.0 0.0 0.0 0.0 0.0 0.0 0.0  
    0.0 0.0 0.0 0.0 0.0 0.0 0.0 0.0 0.0 0.0 0.0 0.0 0.0 0.0 0.0 0.0 0.0  
    0.0 0.0 0.0 0.0 0.0 0.0 0.0 0.0 0.0 0.0 0.0 0.0 0.0 0.0 0.0 0.0 0.0  
    0.0 0.0 0.0 0.0 0.0 0.0 0.0 0.0 0.0 0.0 0.0 0.0 0.0 0.0 0.0 0.0 0.0  
    0.0 0.0 0.0 0.0 0.0 0.0 0.0 0.0 0.0 0.0 0.0 0.0 0.0 0.0 0.0 0.0 0.0  
    0.0 0.0 0.0 0.0 0.0 0.0 0.0 0.0 0.0 0.0 0.0 0.0 0.0 0.0 0.0 0.0 0.0  
    0.0 
  J_HC = 0.0 0.0 0.0 0.0 0.0 0.0 0.0 0.0 0.0 0.0 0.0 0.0 0.0 0.0 0.0  
    0.0 0.0 0.0 0.0 0.0 0.0 0.0 0.0 0.0 0.0 0.0 0.0 0.0 0.0 0.0 0.0 0.0  
    0.0 0.0 0.0 0.0 0.0 0.0 0.0 0.0 0.0 0.0 0.0 0.0 0.0 0.0 0.0 0.0 0.0  
    0.0 0.0 0.0 0.0 0.0 0.0 0.0 0.0 0.0 0.0 0.0 0.0 0.0 0.0 0.0 0.0 0.0  
    0.0 0.0 0.0 0.0 0.0 0.0 0.0 0.0 0.0 0.0 0.0 0.0 0.0 0.0 0.0 0.0 0.0  
    0.0 0.0 0.0 0.0 0.0 0.0 0.0 0.0 0.0 0.0 0.0 0.0 0.0 0.0 0.0 0.0 0.0  
    0.0 
  J_TOT = 1.739191 1.739191 1.7490191 1.7411388 1.7213527 1.7105627  
    1.7143617 1.7223196 1.7283536 1.7337738 1.7388445 1.7426754  
    1.7447081 1.7446012 1.741511 1.7352332 1.7256704 1.7121707  
    1.6942347 1.6715536 1.6437277 1.6110782 1.5738356 1.5316302  
    1.4846987 1.4337409 1.3791594 1.3214048 1.2612143 1.1993694  
    1.1368469 1.074709 1.0137262 0.9548331 0.8988989 0.8463492  
    0.7975969 0.7527738 0.7117338 0.6743725 0.6404315 0.6096217  
    0.5817301 0.5563989 0.5332803 0.5121632 0.4928635 0.4752069  
    0.4590144 0.4441383 0.430463 0.4179002 0.4063787 0.3958134  
    0.3861143 0.3772282 0.369113 0.3617134 0.3549883 0.348876 0.3432965  
    0.3381854 0.3334894 0.3291651 0.3251558 0.3213548 0.3176564  
    0.3139908 0.3102733 0.3063908 0.3022466 0.2977694 0.2928952  
    0.2875678 0.2817479 0.2754172 0.2685728 0.2612204 0.2533769  
    0.2450762 0.2363632 0.2272846 0.2178999 0.2082794 0.1984863  
    0.1885752 0.1785911 0.168504 0.1586915 0.1489661 0.139072 0.1293389  
    0.1197181 0.110147 0.1005384 0.0907814 0.080712 0.0702198 0.0592923  
    0.0479498 0.0468689 
  P_EI = -0.0546236 -0.0544954 -0.0541233 -0.0535369 -0.0527495  
    -0.0517777 -0.050639 -0.0493495 -0.0479235 -0.0463764 -0.0447237  
    -0.0429814 -0.0411657 -0.0392934 -0.0373814 -0.035448 -0.0335124  
    -0.0315948 -0.0297168 -0.0279021 -0.0261748 -0.0245582 -0.0230572  
    -0.0216694 -0.0203929 -0.0192263 -0.0181683 -0.0172174 -0.0163727  
    -0.0156335 -0.014999 -0.0144688 -0.0140425 -0.0137197 -0.0135001  
    -0.0133835 -0.0133695 -0.0134578 -0.0136481 -0.0139399 -0.0143323  
    -0.0148246 -0.0154154 -0.0161032 -0.0168861 -0.0177615 -0.0187262  
    -0.0197764 -0.0209073 -0.0221133 -0.0233874 -0.0247231 -0.0261193  
    -0.0275763 -0.0290941 -0.0306728 -0.0323127 -0.0340135 -0.0357754  
    -0.037598 -0.0394814 -0.0414254 -0.0434298 -0.0454946 -0.0476197  
    -0.0498051 -0.0520511 -0.0543581 -0.056727 -0.0591589 -0.0616554  
    -0.0642186 -0.0668514 -0.0695571 -0.0723401 -0.0752061 -0.078162  
    -0.0812163 -0.0843795 -0.0876649 -0.0910884 -0.0946699 -0.098434  
    -0.1024111 -0.1066392 -0.1111658 -0.1160511 -0.1213716 -0.1271493  
    -0.1336429 -0.1409187 -0.1492069 -0.1588555 -0.1703669 -0.1844787  
    -0.2023156 -0.2256706 -0.2575696 -0.3035062 -0.3744618 -0.4956058 
  SE_NB = 0.0 0.0 0.0 0.0 0.0 0.0 0.0 0.0 0.0 0.0 0.0 0.0 0.0 0.0 0.0  
    0.0 0.0 0.0 0.0 0.0 0.0 0.0 0.0 0.0 0.0 0.0 0.0 0.0 0.0 0.0 0.0 0.0  
    0.0 0.0 0.0 0.0 0.0 0.0 0.0 0.0 0.0 0.0 0.0 0.0 0.0 0.0 0.0 0.0 0.0  
    0.0 0.0 0.0 0.0 0.0 0.0 0.0 0.0 0.0 0.0 0.0 0.0 0.0 0.0 0.0 0.0 0.0  
    0.0 0.0 0.0 0.0 0.0 0.0 0.0 0.0 0.0 0.0 0.0 0.0 0.0 0.0 0.0 0.0 0.0  
    0.0 0.0 0.0 0.0 0.0 0.0 0.0 0.0 0.0 0.0 0.0 0.0 0.0 0.0 0.0 0.0 0.0  
    0.0 
  PE_NB = 0.1056933 0.1057171 0.1058122 0.1057413 0.1056003 0.1053846  
    0.1050636 0.1046278 0.1040933 0.10347 0.1027656 0.1019801 0.1011118  
    0.1001516 0.0991231 0.0980278 0.0968645 0.0956313 0.0943315  
    0.0929524 0.0915247 0.090071 0.0885628 0.0870134 0.0854503  
    0.0838424 0.0821956 0.0805502 0.0788929 0.0772163 0.0755531  
    0.0739067 0.0722471 0.070593 0.0689571 0.067341 0.0657526 0.0641884  
    0.06265 0.0611405 0.0596608 0.0582134 0.0568013 0.0554225 0.0540741  
    0.0527582 0.0514761 0.0502272 0.0490086 0.0478194 0.0466571  
    0.0455188 0.0444018 0.0433083 0.0422387 0.0411915 0.0401633  
    0.0391518 0.0381555 0.0371738 0.0362059 0.0352508 0.0343059  
    0.0333698 0.0324398 0.0315093 0.0305928 0.0296826 0.0287784  
    0.0278799 0.0269871 0.0261005 0.0252205 0.0243479 0.0234836  
    0.0226289 0.0217853 0.0209539 0.0201366 0.0193352 0.0185517  
    0.0177883 0.0170472 0.0163302 0.0156399 0.0149789 0.0143493  
    0.0137533 0.0131942 0.0126733 0.0121939 0.0117587 0.0113693  
    0.0110244 0.0107216 0.0104599 0.0102451 0.010105 0.0100502  
    0.0100025 0.0096957 
  PE_EC = 0.0 0.0 0.0 0.0 0.0 0.0 0.0 0.0 0.0 0.0 0.0 0.0 0.0 0.0 0.0  
    0.0 0.0 0.0 0.0 0.0 0.0 0.0 0.0 0.0 0.0 0.0 0.0 0.0 0.0 0.0 0.0 0.0  
    0.0 0.0 0.0 0.0 0.0 0.0 0.0 0.0 0.0 0.0 0.0 0.0 0.0 0.0 0.0 0.0 0.0  
    0.0 0.0 0.0 0.0 0.0 0.0 0.0 0.0 0.0 0.0 0.0 0.0 0.0 0.0 0.0 0.0 0.0  
    0.0 0.0 0.0 0.0 0.0 0.0 0.0 0.0 0.0 0.0 0.0 0.0 0.0 0.0 0.0 0.0 0.0  
    0.0 0.0 0.0 0.0 0.0 0.0 0.0 0.0 0.0 0.0 0.0 0.0 0.0 0.0 0.0 0.0 0.0  
    0.0 
  PE_IC = 0.0 0.0 0.0 0.0 0.0 0.0 0.0 0.0 0.0 0.0 0.0 0.0 0.0 0.0 0.0  
    0.0 0.0 0.0 0.0 0.0 0.0 0.0 0.0 0.0 0.0 0.0 0.0 0.0 0.0 0.0 0.0 0.0  
    0.0 0.0 0.0 0.0 0.0 0.0 0.0 0.0 0.0 0.0 0.0 0.0 0.0 0.0 0.0 0.0 0.0  
    0.0 0.0 0.0 0.0 0.0 0.0 0.0 0.0 0.0 0.0 0.0 0.0 0.0 0.0 0.0 0.0 0.0  
    0.0 0.0 0.0 0.0 0.0 0.0 0.0 0.0 0.0 0.0 0.0 0.0 0.0 0.0 0.0 0.0 0.0  
    0.0 0.0 0.0 0.0 0.0 0.0 0.0 0.0 0.0 0.0 0.0 0.0 0.0 0.0 0.0 0.0 0.0  
    0.0 
  PE_LH = 0.0 0.0 0.0 0.0 0.0 0.0 0.0 0.0 0.0 0.0 0.0 0.0 0.0 0.0 0.0  
    0.0 0.0 0.0 0.0 0.0 0.0 0.0 0.0 0.0 0.0 0.0 0.0 0.0 0.0 0.0 0.0 0.0  
    0.0 0.0 0.0 0.0 0.0 0.0 0.0 0.0 0.0 0.0 0.0 0.0 0.0 0.0 0.0 0.0 0.0  
    0.0 0.0 0.0 0.0 0.0 0.0 0.0 0.0 0.0 0.0 0.0 0.0 0.0 0.0 0.0 0.0 0.0  
    0.0 0.0 0.0 0.0 0.0 0.0 0.0 0.0 0.0 0.0 0.0 0.0 0.0 0.0 0.0 0.0 0.0  
    0.0 0.0 0.0 0.0 0.0 0.0 0.0 0.0 0.0 0.0 0.0 0.0 0.0 0.0 0.0 0.0 0.0  
    0.0 
  PE_HC = 0.0 0.0 0.0 0.0 0.0 0.0 0.0 0.0 0.0 0.0 0.0 0.0 0.0 0.0 0.0  
    0.0 0.0 0.0 0.0 0.0 0.0 0.0 0.0 0.0 0.0 0.0 0.0 0.0 0.0 0.0 0.0 0.0  
    0.0 0.0 0.0 0.0 0.0 0.0 0.0 0.0 0.0 0.0 0.0 0.0 0.0 0.0 0.0 0.0 0.0  
    0.0 0.0 0.0 0.0 0.0 0.0 0.0 0.0 0.0 0.0 0.0 0.0 0.0 0.0 0.0 0.0 0.0  
    0.0 0.0 0.0 0.0 0.0 0.0 0.0 0.0 0.0 0.0 0.0 0.0 0.0 0.0 0.0 0.0 0.0  
    0.0 0.0 0.0 0.0 0.0 0.0 0.0 0.0 0.0 0.0 0.0 0.0 0.0 0.0 0.0 0.0 0.0  
    0.0 
  SI_NB = 0.0 0.0 0.0 0.0 0.0 0.0 0.0 0.0 0.0 0.0 0.0 0.0 0.0 0.0 0.0  
    0.0 0.0 0.0 0.0 0.0 0.0 0.0 0.0 0.0 0.0 0.0 0.0 0.0 0.0 0.0 0.0 0.0  
    0.0 0.0 0.0 0.0 0.0 0.0 0.0 0.0 0.0 0.0 0.0 0.0 0.0 0.0 0.0 0.0 0.0  
    0.0 0.0 0.0 0.0 0.0 0.0 0.0 0.0 0.0 0.0 0.0 0.0 0.0 0.0 0.0 0.0 0.0  
    0.0 0.0 0.0 0.0 0.0 0.0 0.0 0.0 0.0 0.0 0.0 0.0 0.0 0.0 0.0 0.0 0.0  
    0.0 0.0 0.0 0.0 0.0 0.0 0.0 0.0 0.0 0.0 0.0 0.0 0.0 0.0 0.0 0.0 0.0  
    0.0 
  PI_NB = 0.2501819 0.2501391 0.2499578 0.2492237 0.2481452 0.2466259  
    0.2447502 0.2425243 0.2399452 0.2370179 0.2337526 0.2301686  
    0.2262884 0.2221454 0.2177348 0.2130797 0.2082094 0.2031495  
    0.1979235 0.1925775 0.1871057 0.1815124 0.1758553 0.1701476  
    0.1643876 0.1586348 0.1529085 0.1471926 0.1415237 0.1359306  
    0.1304015 0.124952 0.1196288 0.1144292 0.1093542 0.1044147  
    0.0996138 0.0949629 0.0904673 0.0861289 0.0819502 0.0779312  
    0.0740698 0.070367 0.066824 0.0634358 0.060197 0.0571036 0.054153  
    0.05134 0.0486607 0.046111 0.0436864 0.0413778 0.0391777 0.0370803  
    0.0350819 0.0331779 0.0313629 0.0296313 0.0279779 0.0263978  
    0.0248886 0.0234466 0.0220701 0.0207622 0.0195039 0.0183006  
    0.0171499 0.01605 0.0149989 0.0139952 0.0130372 0.0121238 0.0112537  
    0.010426 0.0096396 0.0088936 0.0081871 0.0075194 0.0068897  
    0.0062971 0.0057406 0.0052195 0.0047322 0.0042771 0.0038533  
    0.0034595 0.0030937 0.0027561 0.0024445 0.0021575 0.0018927  
    0.0016475 0.0014197 0.0012074 0.0010115 0.0008365 0.0006825  
    0.000527 0.0003512 
  PI_EC = 0.0 0.0 0.0 0.0 0.0 0.0 0.0 0.0 0.0 0.0 0.0 0.0 0.0 0.0 0.0  
    0.0 0.0 0.0 0.0 0.0 0.0 0.0 0.0 0.0 0.0 0.0 0.0 0.0 0.0 0.0 0.0 0.0  
    0.0 0.0 0.0 0.0 0.0 0.0 0.0 0.0 0.0 0.0 0.0 0.0 0.0 0.0 0.0 0.0 0.0  
    0.0 0.0 0.0 0.0 0.0 0.0 0.0 0.0 0.0 0.0 0.0 0.0 0.0 0.0 0.0 0.0 0.0  
    0.0 0.0 0.0 0.0 0.0 0.0 0.0 0.0 0.0 0.0 0.0 0.0 0.0 0.0 0.0 0.0 0.0  
    0.0 0.0 0.0 0.0 0.0 0.0 0.0 0.0 0.0 0.0 0.0 0.0 0.0 0.0 0.0 0.0 0.0  
    0.0 
  PI_IC = 0.0 0.0 0.0 0.0 0.0 0.0 0.0 0.0 0.0 0.0 0.0 0.0 0.0 0.0 0.0  
    0.0 0.0 0.0 0.0 0.0 0.0 0.0 0.0 0.0 0.0 0.0 0.0 0.0 0.0 0.0 0.0 0.0  
    0.0 0.0 0.0 0.0 0.0 0.0 0.0 0.0 0.0 0.0 0.0 0.0 0.0 0.0 0.0 0.0 0.0  
    0.0 0.0 0.0 0.0 0.0 0.0 0.0 0.0 0.0 0.0 0.0 0.0 0.0 0.0 0.0 0.0 0.0  
    0.0 0.0 0.0 0.0 0.0 0.0 0.0 0.0 0.0 0.0 0.0 0.0 0.0 0.0 0.0 0.0 0.0  
    0.0 0.0 0.0 0.0 0.0 0.0 0.0 0.0 0.0 0.0 0.0 0.0 0.0 0.0 0.0 0.0 0.0  
    0.0 
  PI_LH = 0.0 0.0 0.0 0.0 0.0 0.0 0.0 0.0 0.0 0.0 0.0 0.0 0.0 0.0 0.0  
    0.0 0.0 0.0 0.0 0.0 0.0 0.0 0.0 0.0 0.0 0.0 0.0 0.0 0.0 0.0 0.0 0.0  
    0.0 0.0 0.0 0.0 0.0 0.0 0.0 0.0 0.0 0.0 0.0 0.0 0.0 0.0 0.0 0.0 0.0  
    0.0 0.0 0.0 0.0 0.0 0.0 0.0 0.0 0.0 0.0 0.0 0.0 0.0 0.0 0.0 0.0 0.0  
    0.0 0.0 0.0 0.0 0.0 0.0 0.0 0.0 0.0 0.0 0.0 0.0 0.0 0.0 0.0 0.0 0.0  
    0.0 0.0 0.0 0.0 0.0 0.0 0.0 0.0 0.0 0.0 0.0 0.0 0.0 0.0 0.0 0.0 0.0  
    0.0 
  PI_HC = 0.0 0.0 0.0 0.0 0.0 0.0 0.0 0.0 0.0 0.0 0.0 0.0 0.0 0.0 0.0  
    0.0 0.0 0.0 0.0 0.0 0.0 0.0 0.0 0.0 0.0 0.0 0.0 0.0 0.0 0.0 0.0 0.0  
    0.0 0.0 0.0 0.0 0.0 0.0 0.0 0.0 0.0 0.0 0.0 0.0 0.0 0.0 0.0 0.0 0.0  
    0.0 0.0 0.0 0.0 0.0 0.0 0.0 0.0 0.0 0.0 0.0 0.0 0.0 0.0 0.0 0.0 0.0  
    0.0 0.0 0.0 0.0 0.0 0.0 0.0 0.0 0.0 0.0 0.0 0.0 0.0 0.0 0.0 0.0 0.0  
    0.0 0.0 0.0 0.0 0.0 0.0 0.0 0.0 0.0 0.0 0.0 0.0 0.0 0.0 0.0 0.0 0.0  
    0.0 
  PI_CX = 0.0309669 0.0307817 0.0305845 0.0302732 0.0298301 0.0292796  
    0.0286396 0.027924 0.0271301 0.0262673 0.0253413 0.024376 0.0233768  
    0.0223447 0.0212981 0.0202465 0.0191975 0.0181592 0.0171399  
    0.0161485 0.0151926 0.0142794 0.0134085 0.0125792 0.0117904  
    0.0110413 0.0103305 0.0096568 0.0090198 0.0084181 0.0078511  
    0.0073175 0.0068164 0.0063467 0.0059069 0.0054964 0.0051137  
    0.0047579 0.0044274 0.0041213 0.0038379 0.0035766 0.0033356  
    0.0031143 0.0029108 0.0027248 0.0025548 0.0023997 0.0022594  
    0.0021322 0.0020181 0.0019165 0.0018272 0.0017486 0.0016802  
    0.0016213 0.0015711 0.0015296 0.0014961 0.0014701 0.0014512  
    0.0014389 0.0014333 0.0014341 0.0014413 0.0014549 0.001475  
    0.0015016 0.0015348 0.0015749 0.0016226 0.001679 0.001745 0.0018217  
    0.0019103 0.0020122 0.0021294 0.0022651 0.0024226 0.0026057  
    0.0028186 0.0030661 0.0033562 0.0037006 0.0041134 0.0046114  
    0.0052142 0.0059446 0.0068321 0.0078936 0.0091701 0.0107054  
    0.0125887 0.0149992 0.0181909 0.0225151 0.0282132 0.0352592  
    0.0438103 0.0600384 0.099763 
  PI_FUS = 0.0 0.0 0.0 0.0 0.0 0.0 0.0 0.0 0.0 0.0 0.0 0.0 0.0 0.0 0.0  
    0.0 0.0 0.0 0.0 0.0 0.0 0.0 0.0 0.0 0.0 0.0 0.0 0.0 0.0 0.0 0.0 0.0  
    0.0 0.0 0.0 0.0 0.0 0.0 0.0 0.0 0.0 0.0 0.0 0.0 0.0 0.0 0.0 0.0 0.0  
    0.0 0.0 0.0 0.0 0.0 0.0 0.0 0.0 0.0 0.0 0.0 0.0 0.0 0.0 0.0 0.0 0.0  
    0.0 0.0 0.0 0.0 0.0 0.0 0.0 0.0 0.0 0.0 0.0 0.0 0.0 0.0 0.0 0.0 0.0  
    0.0 0.0 0.0 0.0 0.0 0.0 0.0 0.0 0.0 0.0 0.0 0.0 0.0 0.0 0.0 0.0 0.0  
    0.0 
  PE_FUS = 0.0 0.0 0.0 0.0 0.0 0.0 0.0 0.0 0.0 0.0 0.0 0.0 0.0 0.0 0.0  
    0.0 0.0 0.0 0.0 0.0 0.0 0.0 0.0 0.0 0.0 0.0 0.0 0.0 0.0 0.0 0.0 0.0  
    0.0 0.0 0.0 0.0 0.0 0.0 0.0 0.0 0.0 0.0 0.0 0.0 0.0 0.0 0.0 0.0 0.0  
    0.0 0.0 0.0 0.0 0.0 0.0 0.0 0.0 0.0 0.0 0.0 0.0 0.0 0.0 0.0 0.0 0.0  
    0.0 0.0 0.0 0.0 0.0 0.0 0.0 0.0 0.0 0.0 0.0 0.0 0.0 0.0 0.0 0.0 0.0  
    0.0 0.0 0.0 0.0 0.0 0.0 0.0 0.0 0.0 0.0 0.0 0.0 0.0 0.0 0.0 0.0 0.0  
    0.0 
  P_RAD = -7e-05 -4.8e-06 6.03e-05 0.0001255 0.000219 0.0003305  
    0.0004713 0.00063 0.0008136 0.001019 0.0012412 0.0014825 0.0017444  
    0.0020216 0.0023174 0.0026287 0.0029559 0.0032982 0.0036544  
    0.0040246 0.0044086 0.0048039 0.005212 0.0056315 0.006062 0.006503  
    0.006954 0.0074148 0.007884 0.0083621 0.0088484 0.0093425 0.0098439  
    0.010352 0.0108667 0.0113875 0.011914 0.0124457 0.0129825 0.0135238  
    0.0140693 0.0146186 0.0151714 0.0157274 0.0162862 0.0168475  
    0.0174109 0.0179761 0.0185427 0.0191105 0.019679 0.0202481  
    0.0208172 0.0213862 0.0219547 0.0225224 0.0230889 0.0236539  
    0.024217 0.024778 0.0253365 0.0258922 0.0264446 0.0269935 0.0275386  
    0.0280793 0.0286155 0.0291467 0.0296725 0.0301926 0.0307066  
    0.031214 0.0317145 0.0322077 0.0326931 0.0331703 0.0336388  
    0.0340982 0.0345481 0.0349879 0.0354171 0.0358353 0.036242  
    0.0366365 0.0370184 0.037387 0.0377419 0.0380823 0.0384077  
    0.0387175 0.0390109 0.0392757 0.0394522 0.0394695 0.0392581  
    0.0387438 0.0378561 0.0365212 0.0346718 0.0322271 0.0291149 
  P_OHM = 0.0388037 0.0393818 0.0400476 0.0406708 0.0413051 0.042435  
    0.044147 0.0460897 0.048043 0.0500588 0.0521452 0.0542504 0.056343  
    0.0583869 0.0603062 0.0620652 0.0636119 0.0648943 0.065858  
    0.0664466 0.0666036 0.0663138 0.0655666 0.0643283 0.0626234  
    0.0604757 0.0579186 0.0550164 0.0518414 0.0484815 0.0450128  
    0.0415367 0.0381419 0.0349028 0.0318685 0.0290876 0.0265754  
    0.0243433 0.0223741 0.0206535 0.0191594 0.0178624 0.0167381  
    0.0157639 0.0149201 0.0141878 0.0135507 0.0129965 0.0125163  
    0.0121004 0.0117431 0.0114388 0.0111828 0.0109717 0.0108025  
    0.0106735 0.0105828 0.0105277 0.0105073 0.0105207 0.0105653  
    0.0106389 0.0107389 0.0108633 0.0110047 0.0111606 0.0113246  
    0.0114895 0.0116464 0.0117891 0.0119084 0.0119958 0.0120436  
    0.0120452 0.0119949 0.011889 0.0117253 0.0115051 0.0112303  
    0.0109051 0.0105352 0.0101276 0.0096903 0.0092312 0.0087578  
    0.008277 0.0077941 0.0073192 0.0068561 0.0063984 0.0059507  
    0.0055187 0.0050997 0.00469 0.0042847 0.003878 0.0034621 0.0030293  
    0.0025808 0.0020923 0.0021265 
  TORQUE_NB = 0.2666956 0.2664043 0.2651492 0.264012 0.2628891 0.260531  
    0.2585217 0.2570567 0.2552103 0.252923 0.2500107 0.2467609  
    0.2432557 0.2398681 0.235924 0.2314893 0.2268734 0.2220188  
    0.2169183 0.2123863 0.2076576 0.202285 0.197086 0.1918655 0.1859357  
    0.1805046 0.1755881 0.1701683 0.1647739 0.1597938 0.1543698  
    0.1485392 0.1434281 0.1386077 0.1337492 0.1289751 0.1241786  
    0.1195272 0.1150927 0.1107895 0.1065963 0.1025427 0.0985696  
    0.094741 0.0911802 0.0877942 0.0844874 0.0812321 0.078106 0.0750723  
    0.0721571 0.0694026 0.066888 0.0644659 0.0620478 0.0596175  
    0.0572807 0.0550728 0.0529892 0.0509756 0.04899 0.0469826 0.0450426  
    0.0431667 0.0414739 0.0398384 0.0382453 0.0366847 0.0351452  
    0.0336452 0.0321835 0.0307588 0.0293705 0.0280185 0.0267029  
    0.0254196 0.0241619 0.022943 0.0217636 0.0206245 0.0195358  
    0.0184915 0.0174892 0.0165296 0.0156123 0.0147374 0.0139066  
    0.013121 0.0123804 0.0116872 0.0110436 0.0104499 0.0099018  
    0.0093937 0.0089207 0.0084783 0.0080746 0.0077443 0.0075053  
    0.0072256 0.0066435 
  TORQUE_IN = 0.0 0.0 0.0 0.0 0.0 0.0 0.0 0.0 0.0 0.0 0.0 0.0 0.0 0.0  
    0.0 0.0 0.0 0.0 0.0 0.0 0.0 0.0 0.0 0.0 0.0 0.0 0.0 0.0 0.0 0.0 0.0  
    0.0 0.0 0.0 0.0 0.0 0.0 0.0 0.0 0.0 0.0 0.0 0.0 0.0 0.0 0.0 0.0 0.0  
    0.0 0.0 0.0 0.0 0.0 0.0 0.0 0.0 0.0 0.0 0.0 0.0 0.0 0.0 0.0 0.0 0.0  
    0.0 0.0 0.0 0.0 0.0 0.0 0.0 0.0 0.0 0.0 0.0 0.0 0.0 0.0 0.0 0.0 0.0  
    0.0 0.0 0.0 0.0 0.0 0.0 0.0 0.0 0.0 0.0 0.0 0.0 0.0 0.0 0.0 0.0 0.0  
    0.0 0.0 
  SE_IONIZATION = 0.0 0.0 0.0 0.0 0.0 0.0 0.0 0.0 0.0 0.0 0.0 0.0 0.0  
    0.0 0.0 0.0 0.0 0.0 0.0 0.0 0.0 0.0 0.0 0.0 0.0 0.0 0.0 0.0 0.0 0.0  
    0.0 0.0 0.0 0.0 0.0 0.0 0.0 0.0 0.0 0.0 0.0 0.0 0.0 0.0 0.0 0.0 0.0  
    0.0 0.0 0.0 0.0 0.0 0.0 0.0 0.0 0.0 0.0 0.0 0.0 0.0 0.0 0.0 0.0 0.0  
    0.0 0.0 0.0 0.0 0.0 0.0 0.0 0.0 0.0 0.0 0.0 0.0 0.0 0.0 0.0 0.0 0.0  
    0.0 0.0 0.0 0.0 0.0 0.0 0.0 0.0 0.0 0.0 0.0 0.0 0.0 0.0 0.0 0.0 0.0  
    0.0 0.0 0.0 
  SI_IONIZATION = 0.0 0.0 0.0 0.0 0.0 0.0 0.0 0.0 0.0 0.0 0.0 0.0 0.0  
    0.0 0.0 0.0 0.0 0.0 0.0 0.0 0.0 0.0 0.0 0.0 0.0 0.0 0.0 0.0 0.0 0.0  
    0.0 0.0 0.0 0.0 0.0 0.0 0.0 0.0 0.0 0.0 0.0 0.0 0.0 0.0 0.0 0.0 0.0  
    0.0 0.0 0.0 0.0 0.0 0.0 0.0 0.0 0.0 0.0 0.0 0.0 0.0 0.0 0.0 0.0 0.0  
    0.0 0.0 0.0 0.0 0.0 0.0 0.0 0.0 0.0 0.0 0.0 0.0 0.0 0.0 0.0 0.0 0.0  
    0.0 0.0 0.0 0.0 0.0 0.0 0.0 0.0 0.0 0.0 0.0 0.0 0.0 0.0 0.0 0.0 0.0  
    0.0 0.0 0.0 
  PE_IONIZATION = 0.0 0.0 0.0 0.0 0.0 0.0 0.0 0.0 0.0 0.0 0.0 0.0 0.0  
    0.0 0.0 0.0 0.0 0.0 0.0 0.0 0.0 0.0 0.0 0.0 0.0 0.0 0.0 0.0 0.0 0.0  
    0.0 0.0 0.0 0.0 0.0 0.0 0.0 0.0 0.0 0.0 0.0 0.0 0.0 0.0 0.0 0.0 0.0  
    0.0 0.0 0.0 0.0 0.0 0.0 0.0 0.0 0.0 0.0 0.0 0.0 0.0 0.0 0.0 0.0 0.0  
    0.0 0.0 0.0 0.0 0.0 0.0 0.0 0.0 0.0 0.0 0.0 0.0 0.0 0.0 0.0 0.0 0.0  
    0.0 0.0 0.0 0.0 0.0 0.0 0.0 0.0 0.0 0.0 0.0 0.0 0.0 0.0 0.0 0.0 0.0  
    0.0 0.0 0.0 
  PI_IONIZATION = 0.0 0.0 0.0 0.0 0.0 0.0 0.0 0.0 0.0 0.0 0.0 0.0 0.0  
    0.0 0.0 0.0 0.0 0.0 0.0 0.0 0.0 0.0 0.0 0.0 0.0 0.0 0.0 0.0 0.0 0.0  
    0.0 0.0 0.0 0.0 0.0 0.0 0.0 0.0 0.0 0.0 0.0 0.0 0.0 0.0 0.0 0.0 0.0  
    0.0 0.0 0.0 0.0 0.0 0.0 0.0 0.0 0.0 0.0 0.0 0.0 0.0 0.0 0.0 0.0 0.0  
    0.0 0.0 0.0 0.0 0.0 0.0 0.0 0.0 0.0 0.0 0.0 0.0 0.0 0.0 0.0 0.0 0.0  
    0.0 0.0 0.0 0.0 0.0 0.0 0.0 0.0 0.0 0.0 0.0 0.0 0.0 0.0 0.0 0.0 0.0  
    0.0 0.0 0.0 
  WBEAM = 0.0095601 0.0095586 0.0095541 0.0095262 0.0094839 0.009428  
    0.0093548 0.0092636 0.0091567 0.0090359 0.0089027 0.0087576  
    0.008601 0.0084323 0.0082547 0.0080691 0.0078756 0.0076745  
    0.0074666 0.007251 0.0070317 0.0068115 0.0065876 0.0063617  
    0.0061371 0.0059108 0.0056837 0.0054602 0.005239 0.0050196  
    0.0048053 0.0045964 0.0043902 0.0041884 0.0039923 0.003802  
    0.0036182 0.0034404 0.0032688 0.0031035 0.0029445 0.002792  
    0.0026459 0.0025062 0.0023726 0.002245 0.0021234 0.0020078  
    0.0018979 0.0017934 0.0016943 0.0016002 0.0015108 0.001426  
    0.0013456 0.0012694 0.0011971 0.0011283 0.0010629 0.0010007  
    0.0009416 0.0008854 0.0008318 0.0007809 0.0007322 0.0006858  
    0.0006417 0.0005997 0.0005597 0.0005216 0.0004855 0.0004511  
    0.0004184 0.0003874 0.000358 0.0003302 0.0003039 0.0002791  
    0.0002558 0.0002338 0.0002132 0.0001939 0.0001759 0.0001591  
    0.0001435 0.000129 0.0001156 0.0001033 9.19e-05 8.15e-05 7.2e-05  
    6.32e-05 5.52e-05 4.79e-05 4.12e-05 3.5e-05 2.93e-05 2.41e-05  
    1.93e-05 1.48e-05 1.03e-05 
  WALPHA = 0.0 0.0 0.0 0.0 0.0 0.0 0.0 0.0 0.0 0.0 0.0 0.0 0.0 0.0 0.0  
    0.0 0.0 0.0 0.0 0.0 0.0 0.0 0.0 0.0 0.0 0.0 0.0 0.0 0.0 0.0 0.0 0.0  
    0.0 0.0 0.0 0.0 0.0 0.0 0.0 0.0 0.0 0.0 0.0 0.0 0.0 0.0 0.0 0.0 0.0  
    0.0 0.0 0.0 0.0 0.0 0.0 0.0 0.0 0.0 0.0 0.0 0.0 0.0 0.0 0.0 0.0 0.0  
    0.0 0.0 0.0 0.0 0.0 0.0 0.0 0.0 0.0 0.0 0.0 0.0 0.0 0.0 0.0 0.0 0.0  
    0.0 0.0 0.0 0.0 0.0 0.0 0.0 0.0 0.0 0.0 0.0 0.0 0.0 0.0 0.0 0.0 0.0  
    0.0 
  DENSITY_BEAM = 0.2344896 0.2344722 0.2344484 0.23384 0.2328838  
    0.2315882 0.2298975 0.2278001 0.2253795 0.2226445 0.2196196  
    0.2163038 0.2127119 0.2088456 0.2047572 0.2004641 0.195972  
    0.1913098 0.1865014 0.1815262 0.1764436 0.1712934 0.1660677  
    0.160795 0.155523 0.1502215 0.1449105 0.1396464 0.1344267 0.1292545  
    0.1241739 0.1191951 0.1142932 0.1094935 0.1048169 0.1002654  
    0.0958464 0.0915622 0.0874144 0.0834093 0.0795507 0.0758367  
    0.0722675 0.0688413 0.065554 0.0624054 0.0593946 0.0565189  
    0.0537724 0.0511515 0.0486519 0.0462686 0.0439949 0.0418268  
    0.0397593 0.0377866 0.0359024 0.0341011 0.032378 0.0307287  
    0.0291495 0.0276366 0.0261854 0.0247926 0.0234539 0.0221679  
    0.0209321 0.0197444 0.0186029 0.0175057 0.0164513 0.0154383  
    0.0144656 0.0135323 0.0126374 0.0117805 0.0109609 0.0101779  
    0.009431 0.0087199 0.0080438 0.0074026 0.0067957 0.0062223  
    0.0056816 0.0051729 0.0046952 0.0042475 0.0038293 0.0034386  
    0.0030747 0.0027363 0.0024212 0.0021265 0.0018494 0.0015878  
    0.0013423 0.0011167 0.0009105 0.0007042 0.0004804 
  DENSITY_ALPHA = 0.0 0.0 0.0 0.0 0.0 0.0 0.0 0.0 0.0 0.0 0.0 0.0 0.0  
    0.0 0.0 0.0 0.0 0.0 0.0 0.0 0.0 0.0 0.0 0.0 0.0 0.0 0.0 0.0 0.0 0.0  
    0.0 0.0 0.0 0.0 0.0 0.0 0.0 0.0 0.0 0.0 0.0 0.0 0.0 0.0 0.0 0.0 0.0  
    0.0 0.0 0.0 0.0 0.0 0.0 0.0 0.0 0.0 0.0 0.0 0.0 0.0 0.0 0.0 0.0 0.0  
    0.0 0.0 0.0 0.0 0.0 0.0 0.0 0.0 0.0 0.0 0.0 0.0 0.0 0.0 0.0 0.0 0.0  
    0.0 0.0 0.0 0.0 0.0 0.0 0.0 0.0 0.0 0.0 0.0 0.0 0.0 0.0 0.0 0.0 0.0  
    0.0 0.0 0.0 
  CHIE = 0.7903998 0.8021933 0.8146318 0.8267219 0.8385995 0.8512826  
    0.8650531 0.8796922 0.8948686 0.9104874 0.9265378 0.9430087  
    0.959896 0.9771326 0.9946705 1.0124864 1.0305158 1.0486919 1.06692  
    1.0851214 1.1032056 1.121162 1.138892 1.156319 1.1734096 1.1900888  
    1.206309 1.222105 1.237493 1.2525315 1.2673258 1.2820492 1.296835  
    1.3118896 1.3274407 1.3437284 1.3609974 1.379493 1.3994852  
    1.4212161 1.4449318 1.4709348 1.4994779 1.5308606 1.5653967  
    1.6034419 1.6453768 1.6916416 1.7427153 1.7991796 1.8610388  
    1.9263255 1.9946196 2.0660996 2.1409949 2.2195057 2.3018345  
    2.3882492 2.4789931 2.5743066 2.6744863 2.7798517 2.8906579  
    3.0072651 3.1300188 3.2591937 3.3952626 3.5385066 3.6893838  
    3.8482331 4.0155305 4.1916247 4.3770091 4.5721461 4.7774602  
    4.9935394 5.2208818 5.4600677 5.7118026 5.9767881 6.2557692  
    6.5498103 6.859798 7.1871191 7.5330109 7.8992101 8.2877073  
    8.7007931 9.1410816 9.6120882 10.1178272 10.6635027 11.2561705  
    11.9053361 12.6242475 13.4318298 14.3531641 15.4491814 16.7837604  
    19.3067985 0.0 
  CHII = 0.1696887 0.1749705 0.1812572 0.1879419 0.1951631 0.2029777  
    0.2114124 0.2204987 0.2303213 0.2409578 0.2525008 0.2650574  
    0.2787572 0.2937573 0.3102449 0.3284582 0.3486874 0.3713038  
    0.3967633 0.4256592 0.4583823 0.4931246 0.5290609 0.5661814  
    0.6044997 0.643986 0.6846613 0.726517 0.7695865 0.8138375 0.8593375  
    0.906047 0.9539933 1.003187 1.0536191 1.1052914 1.1581959 1.212284  
    1.26756 1.3239613 1.3814626 1.4399246 1.4993455 1.5595816 1.6204949  
    1.6819763 1.7438468 1.8058912 1.8679191 1.9296299 1.9908047  
    2.0511201 2.1102407 2.1677536 2.2231948 2.276275 2.3262979  
    2.3728676 2.4153163 2.4531292 2.4856795 2.5122309 2.5322971  
    2.5451415 2.5501494 2.5467702 2.534424 2.5126194 2.4809064  
    2.4389035 2.3862893 2.3228897 2.2484293 2.1629738 2.066403  
    1.9588821 1.8404811 1.7113951 1.5718369 1.4219983 1.2620909  
    1.0922363 0.9124985 0.7228943 0.5233347 0.3136391 0.0934675  
    -0.1376301 -0.3800448 -0.6349415 -0.9038373 -1.1915378 -1.5035739  
    -1.8468569 -2.2310462 -2.6699779 -3.1826918 -3.8015023 -4.5689685  
    -5.836355 0.0 
  NBDRY = 85 
  RBDRY = 2.0978275 2.2401526 1.4209944 2.1422091 1.6558034 1.6873963  
    1.2772459 1.1015242 2.2475004 1.9529322 1.5804497 1.2670211  
    1.2480284 1.3541791 1.5581304 1.9420616 1.1328108 1.1213838  
    1.0679107 1.6398594 1.3047982 2.1689172 1.0867975 2.2471849  
    1.1832123 1.0875748 1.2361946 2.0200132 1.2869131 2.0561832  
    1.460757 1.1829822 2.0191137 1.6741936 1.7096051 1.067987 1.1148799  
    1.312102 1.5074318 1.3439462 1.8537969 1.216077 1.7770576 1.2688012  
    1.1758981 1.0766073 1.4242289 1.0770572 1.3229077 1.2320403  
    1.2337473 1.1410186 1.3812778 2.2246197 1.1360939 2.1826512  
    1.5244684 1.4013687 1.8391404 1.0707141 2.2472213 1.21893 1.9556578  
    1.0724027 1.4145062 2.1514642 2.0876726 1.2903033 1.1288141  
    1.3980485 1.9950431 1.2112341 1.5009975 1.4808534 2.1679399  
    1.0749645 2.2085847 1.1970492 1.0658257 1.0659474 1.9281922  
    2.101684 2.2237283 1.9821573 1.0663686 
  ZBDRY = -0.494228 0.0984302 1.0470564 0.3799663 0.901004 0.8767359  
    1.1016235 -0.4026586 -0.0011217 0.6355848 -0.9499559 1.0952606  
    1.0645235 1.0761566 0.9695568 -0.702976 0.7518341 0.6925705  
    0.0344054 0.9128996 1.0953611 0.326417 0.3940014 -0.0211081  
    -0.7100949 -0.3240004 -0.8162129 -0.6111371 1.1012264 0.5141111  
    -0.9627966 0.925819 0.5610385 -0.9129634 -0.893657 -0.1454298  
    0.6530345 1.09236 1.0008451 1.0798632 0.733877 -0.7821563  
    -0.8496049 1.0987912 0.9071247 -0.2449042 1.0455281 0.2141725  
    1.0879864 1.0365655 1.0397233 -0.5774028 1.0652249 -0.1792092  
    -0.5585517 -0.3128341 0.9906997 1.0561019 0.7474459 0.0943442  
    0.0188629 1.0110556 -0.6881701 -0.2051837 1.0500518 0.36229  
    -0.5115463 1.1006143 0.7320751 1.0576324 -0.6426019 0.9948979  
    -0.9633929 -0.9637782 -0.3500833 0.1742328 -0.2370684 0.962053  
    -0.0455505 -0.0855261 -0.7174817 0.4486399 0.176582 -0.658025  
    -0.1055052 
  NLIM = 83 
  RLIM = 1.016 1.016 1.016 1.016 1.016 1.016 1.016 1.016 1.016 1.016  
    1.012 1.001 1.029 1.042 1.046 1.056 1.097 1.108 1.116 1.134 1.148  
    1.162 1.181 1.182 1.185 1.19 1.195 1.201 1.209 1.215 1.222 1.228  
    1.234 1.239 1.242 1.248 1.258 1.263 1.28 1.28 1.28 1.31 1.328 1.361  
    1.38 1.419 1.419 1.372 1.372 1.608 1.647 1.785 2.07 2.128 2.245  
    2.323 2.377 2.3625 2.364435 2.364969 2.365324 2.365121 2.364842  
    2.364334 2.3625 2.377 2.134 1.786 1.768 1.768 1.682 1.372 1.372  
    1.42 1.42 1.273 1.153 1.016 1.016 1.016 1.016 1.016 1.016 
  ZLIM = 0.0 0.968 1.001 1.019 1.077 1.07 1.096 1.113 1.138 1.147 1.165  
    1.217 1.217 1.1624 1.16238 1.1626 1.1645 1.16594 1.16591 1.16896  
    1.17175 1.17556 1.183 1.1835 1.185 1.188 1.191 1.196 1.202 1.208  
    1.214 1.221 1.231 1.238 1.244 1.254 1.278 1.29 1.331 1.347 1.348  
    1.348 1.348 1.348 1.348 1.348 1.31 1.31 1.292 1.095 1.077 1.077  
    1.04 0.993 0.709 0.519 0.389 0.4 0.222 0.133 0.044 -0.044 -0.133  
    -0.222 -0.4 -0.389 -0.973 -1.174 -1.211 -1.25 -1.25 -1.25 -1.329  
    -1.329 -1.363 -1.363 -1.363 -1.223 -1.223 -0.83 -0.8 -0.415 0.0 
  SHOT_ID = '150139' 
  TIME_ID = '20259' 
  J_RF = 0.0 0.0 0.0 0.0 0.0 0.0 0.0 0.0 0.0 0.0 0.0 0.0 0.0 0.0 0.0  
    0.0 0.0 0.0 0.0 0.0 0.0 0.0 0.0 0.0 0.0 0.0 0.0 0.0 0.0 0.0 0.0 0.0  
    0.0 0.0 0.0 0.0 0.0 0.0 0.0 0.0 0.0 0.0 0.0 0.0 0.0 0.0 0.0 0.0 0.0  
    0.0 0.0 0.0 0.0 0.0 0.0 0.0 0.0 0.0 0.0 0.0 0.0 0.0 0.0 0.0 0.0 0.0  
    0.0 0.0 0.0 0.0 0.0 0.0 0.0 0.0 0.0 0.0 0.0 0.0 0.0 0.0 0.0 0.0 0.0  
    0.0 0.0 0.0 0.0 0.0 0.0 0.0 0.0 0.0 0.0 0.0 0.0 0.0 0.0 0.0 0.0 0.0  
    0.0 
  PE_RF = 0.0 0.0 0.0 0.0 0.0 0.0 0.0 0.0 0.0 0.0 0.0 0.0 0.0 0.0 0.0  
    0.0 0.0 0.0 0.0 0.0 0.0 0.0 0.0 0.0 0.0 0.0 0.0 0.0 0.0 0.0 0.0 0.0  
    0.0 0.0 0.0 0.0 0.0 0.0 0.0 0.0 0.0 0.0 0.0 0.0 0.0 0.0 0.0 0.0 0.0  
    0.0 0.0 0.0 0.0 0.0 0.0 0.0 0.0 0.0 0.0 0.0 0.0 0.0 0.0 0.0 0.0 0.0  
    0.0 0.0 0.0 0.0 0.0 0.0 0.0 0.0 0.0 0.0 0.0 0.0 0.0 0.0 0.0 0.0 0.0  
    0.0 0.0 0.0 0.0 0.0 0.0 0.0 0.0 0.0 0.0 0.0 0.0 0.0 0.0 0.0 0.0 0.0  
    0.0 
  PI_RF = 0.0 0.0 0.0 0.0 0.0 0.0 0.0 0.0 0.0 0.0 0.0 0.0 0.0 0.0 0.0  
    0.0 0.0 0.0 0.0 0.0 0.0 0.0 0.0 0.0 0.0 0.0 0.0 0.0 0.0 0.0 0.0 0.0  
    0.0 0.0 0.0 0.0 0.0 0.0 0.0 0.0 0.0 0.0 0.0 0.0 0.0 0.0 0.0 0.0 0.0  
    0.0 0.0 0.0 0.0 0.0 0.0 0.0 0.0 0.0 0.0 0.0 0.0 0.0 0.0 0.0 0.0 0.0  
    0.0 0.0 0.0 0.0 0.0 0.0 0.0 0.0 0.0 0.0 0.0 0.0 0.0 0.0 0.0 0.0 0.0  
    0.0 0.0 0.0 0.0 0.0 0.0 0.0 0.0 0.0 0.0 0.0 0.0 0.0 0.0 0.0 0.0 0.0  
    0.0 
/

