 1 -ul -3  07/01/2023
 101381               1
  0.263000000E+04
*2630.000             1               0 IN    3   2 CLC    40   41
  0.169785381E+02 0.169550000E+03-0.105106856E+01 0.663133562E+06
  0.660664710E+06 0.164713994E+03-0.521484976E-01 0.631139060E+02
  0.151184884E+01 0.793940618E-01 0.793940618E-01 0.192107977E+08
  0.170382323E+03 0.731085075E-01 0.455268447E+01 0.120955167E+01
  0.519305536E+00 0.130746822E+01 0.199749323E-01 0.757209965E+01
  0.351350574E+02 0.278199051E+02 0.379679831E+01-0.739017132E+00
  0.188046990E+03 0.161379154E+03 0.122446578E+03
  0.186005985E+14 0.179597580E+14 0.156297151E+14
  0.126207925E+03 0.123722152E+03
  0.203291147E+14 0.000000000E+00
  0.368743416E+01 0.165119771E+00 0.198843860E+01 0.139647422E+01
  0.564331325E+00 0.462190593E+01-0.450000000E+02-0.450000000E+02
 -0.450000000E+02 0.645245952E-01 0.187773248E+05 0.162337144E+06
  0.982408056E-03 0.130862122E+01 0.899331372E+00-0.119376346E-01
  0.136216673E+01 0.159410390E+03 0.000000000E+00 0.000000000E+00
 -0.999000000E+03-0.999000000E+03-0.999000000E+03-0.999000000E+03
  0.977690945E+02-0.450000000E+02-0.105892176E+01-0.102748789E+01
  0.239823739E+02 0.486526076E+02 0.565206841E+02-0.450000000E+02
  0.173441142E+03 0.847730897E-01 0.262216594E+00 0.631610155E+02
  0.584554327E+00 0.136152730E+01 0.182734197E+06-0.105581365E-04
  0.373685092E+00 0.710969600E+02 0.108214266E+01 0.100000000E+02
    44   76   18    6
  0.328770167E-01 0.274820431E-01 0.264474098E-01 0.274318863E-01
  0.251899776E-01-0.954518247E-01-0.224467144E-01 0.209892898E-01
  0.168188165E-01 0.349557716E-01 0.279903940E-01 0.268750066E-01
  0.282392618E-01 0.278494197E-01-0.956305811E-01-0.269460445E-01
  0.225232362E-01 0.186711195E-01 0.424071863E-01 0.366671648E-01
  0.303572813E-01 0.286420920E-01 0.254693010E-01 0.247187387E-01
  0.188779222E-01-0.143662303E-01-0.675762027E-02-0.103783972E+00
 -0.655683137E-01 0.381558337E-01 0.308610803E-01 0.291854228E-01
  0.270675246E-01 0.268690759E-01 0.131076523E-01-0.172985163E-01
 -0.851729285E-02-0.105317753E+00-0.652248069E-01 0.253758695E-01
  0.231512989E-01 0.329952211E-01 0.311973007E-01 0.248617337E-01
  0.249164929E+00 0.243698867E+00 0.180507605E+00 0.874696045E-01
  0.281311284E-01 0.278512417E-01 0.317810157E-01 0.346284396E-01
  0.431634143E-01 0.689323428E-01 0.101644127E+00 0.128217281E+00
  0.198303161E+00 0.205105532E+00 0.170957519E+00 0.235629125E+00
  0.177792640E+00 0.898938462E-01 0.287507511E-01 0.223122855E-01
  0.300415181E-01 0.340593567E-01 0.285151824E-01 0.448587376E-01
  0.782037463E-01 0.104602642E+00 0.132736017E+00 0.201373107E+00
  0.201688776E+00 0.298759984E-01 0.349971885E-01 0.338993182E-01
  0.431728643E-01 0.554489029E-01 0.715872791E-01 0.101921950E+00
  0.129304279E+00 0.199673338E+00 0.204685363E+00 0.170530590E+00
  0.202719954E+00 0.200312637E+00 0.133391052E+00 0.104741576E+00
  0.772253860E-01 0.446819505E-01 0.288111356E-01 0.341849674E-01
  0.301327859E-01 0.230516178E-01 0.281222450E-01 0.908985431E-01
  0.179784412E+00 0.235997802E+00 0.249406481E+00 0.243832989E+00
  0.179935350E+00 0.914621337E-01 0.261135202E-01 0.269138145E-01
  0.361216160E-01 0.436298190E-01 0.597770301E-01 0.510887656E-01
  0.255930581E-01 0.256732605E-01-0.276472163E-01-0.468046147E-01
  0.238028708E-01 0.274394803E-01 0.634563238E-01-0.236623435E-01
  0.219560980E-01 0.423304902E-01 0.416570066E-01 0.393439367E-01
 -0.342510673E+05-0.255026994E+05 0.157448109E+04 0.364042921E+05
  0.254909480E+05-0.147875718E+06-0.323759540E+05 0.186542600E+04
  0.765691620E+03-0.250674732E+05-0.263073675E+05 0.237043560E+04
  0.351442471E+05 0.309103179E+05-0.147205349E+06-0.361403199E+05
  0.147326938E+04 0.247853810E+04
 -0.167416699E+04-0.181272986E+04-0.154244312E+04-0.154770569E+04
 -0.184560999E+04-0.183131018E+04
  0.232333057E+07 0.000000000E+00 0.000000000E+00 0.000000000E+00
  0.000000000E+00 0.000000000E+00 0.000000000E+00 0.000000000E+00
  0.000000000E+00 0.000000000E+00 0.814018878E+02 0.136244714E+00
  0.339900938E-01 0.214883195E+00 0.400000000E+02-0.114730034E+00
 -0.774534116E+00 0.000000000E+00 0.999000000E+03 0.318266579E+01
 -0.100000000E+02 0.899331372E+00 0.958965033E+02-0.416342861E-01
 -0.100000000E+02 0.000000000E+00 0.360400863E+01 0.000000000E+00
  0.286746393E-01 0.300727385E-01 0.101619975E+01 0.227827900E+01
  0.513711319E+02 0.547484490E+01-0.890000000E+02-0.890000000E+02
 -0.890000000E+02-0.890000000E+02-0.890000000E+02-0.890000000E+02
 -0.890000000E+02-0.890000000E+02-0.890000000E+02-0.890000000E+02
 -0.890000000E+02-0.890000000E+02-0.890000000E+02-0.890000000E+02
 -0.890000000E+02 0.000000000E+00 0.556686642E+00 0.722075186E+00
  0.128795630E+03 0.167671875E+03 0.000000000E+00 0.120640254E+01
  0.000000000E+00-0.214825322E+01 0.000000000E+00 0.100000000E+11
                                            KIM
