&INSTATE
  TOKAMAK_ID = 'onetwo' 
  DENSITY_MODEL = 0 
  R0 = 1.6955 
  B0 = 1.05106856 
  IP = 0.66066471 
  RMAJOR = 1.64696988008 
  AMINOR = 0.631113469376 
  KAPPA = 1.50943131822 
  DELTA = 0.062383461697 
  N_ION = 1 
  Z_ION = 1 
  A_ION = 2 
  F_ION = 1.0 
  N_IMP = 1 
  Z_IMP = 6 
  A_IMP = 12 
  F_IMP = 1.0 
  N_MIN = 0 
  Z_MIN = 1 
  A_MIN = 1 
  N_BEAM = 1 
  Z_BEAM = 1 
  A_BEAM = 2 
  N_FUSION = 1 
  Z_FUSION = 2 
  A_FUSION = 4 
  NRHO = 101 
  RHO = 0.0 0.01 0.02 0.03 0.04 0.05 0.06 0.07 0.08 0.09 0.1 0.11 0.12  
    0.13 0.14 0.15 0.16 0.17 0.18 0.19 0.2 0.21 0.22 0.23 0.24 0.25  
    0.26 0.27 0.28 0.29 0.3 0.31 0.32 0.33 0.34 0.35 0.36 0.37 0.38  
    0.39 0.4 0.41 0.42 0.43 0.44 0.45 0.46 0.47 0.48 0.49 0.5 0.51 0.52  
    0.53 0.54 0.55 0.56 0.57 0.58 0.59 0.6 0.61 0.62 0.63 0.64 0.65  
    0.66 0.67 0.68 0.69 0.7 0.71 0.72 0.73 0.74 0.75 0.76 0.77 0.78  
    0.79 0.8 0.81 0.82 0.83 0.84 0.85 0.86 0.87 0.88 0.89 0.9 0.91 0.92  
    0.93 0.94 0.95 0.96 0.97 0.98 0.99 1.0 
  NE = 2.60435162006 2.60406882566 2.60322374099 2.6018216437  
    2.59986781145 2.59736554329 2.59432165465 2.59074076574  
    2.58662705204 2.58198491647 2.57682138902 2.57113911177  
    2.5649451216 2.55824271703 2.55103784099 2.54333554643  
    2.53514043871 2.52645716019 2.51728965727 2.50764605161  
    2.49752791124 2.48694158321 2.47589325632 2.46438555396  
    2.45242505504 2.44001575344 2.42716332966 2.41387158045  
    2.40014746348 2.38599497597 2.37141768041 2.35642318654  
    2.34101351629 2.32519619408 2.30897508391 2.29235265122  
    2.27533862303 2.25793399745 2.24014740079 2.22197905297  
    2.20343890541 2.18452948645 2.16525414932 2.14562130937  
    2.12563326852 2.10529426288 2.0846113915 2.06359002867  
    2.04223441366 2.02054791014 1.99853698593 1.97620632313  
    1.9535607596 1.93060623273 1.90734640048 1.88378582345  
    1.85993145634 1.83578582805 1.8113545461 1.78664530708 1.7616601299  
    1.73640300483 1.71088122679 1.68509908389 1.65906284338  
    1.63277481423 1.6062413126 1.57946729983 1.55245733141  
    1.52521657506 1.49775217761 1.47006358932 1.44216164242  
    1.41404732369 1.38572794563 1.35720680681 1.32848995454  
    1.29958233664 1.27048824123 1.24121246128 1.21176080507  
    1.18213773466 1.15234797798 1.12239703255 1.09224960367  
    1.06164331177 1.03023419463 0.997678505071 0.963632754693  
    0.927753125224 0.889696238202 0.84911836054 0.805674642042  
    0.759023202791 0.708818905102 0.654718810315 0.596378935232  
    0.53345530101 0.465604440881 0.392483062355 0.313796990179 
  TE = 1.98461580276 1.98377788064 1.98129773126 1.97722661464  
    1.97161567155 1.96451580582 1.95597827311 1.94605362447  
    1.93479335096 1.92224860661 1.90846979832 1.89350867179  
    1.87741589101 1.86024259678 1.84203994385 1.82285870292  
    1.80275022249 1.78176534558 1.75995542206 1.7373709624  
    1.71406329383 1.6900834878 1.66548299493 1.64031196701  
    1.61462210218 1.58846437931 1.56188974213 1.53494945095  
    1.50769389002 1.48017487605 1.45244303681 1.42454958628  
    1.39654550931 1.36848179206 1.34040952732 1.31237993957  
    1.28444389514 1.25665224919 1.22905646445 1.20170732422  
    1.17465593033 1.14793514256 1.1215465917 1.09548642103  
    1.06975209103 1.04434093803 1.01924957925 0.994475063727  
    0.970014665278 0.945865415568 0.922024250031 0.898488380066  
    0.875254765829 0.852320665497 0.829682517627 0.807338264225  
    0.785284226396 0.763517900736 0.742036128192 0.72083616694  
    0.699914624173 0.67926922394 0.658896515482 0.638793697372  
    0.618957848974 0.599385990047 0.580075373885 0.561022790067  
    0.542225433829 0.523680265327 0.505384363923 0.48733489839  
    0.469528844886 0.451963249342 0.434635178766 0.417541772127  
    0.400679900173 0.384046791278 0.367639495005 0.351454977909  
    0.335490305251 0.31974262372 0.30420889347 0.288886283272  
    0.273771723479 0.25886232211 0.244155144725 0.229647240953  
    0.215335705059 0.201217556802 0.187289741429 0.173543667864  
    0.159961857095 0.146526018409 0.133217927634 0.120019323346  
    0.106911981371 0.0938776358564 0.0808980265118 0.0679549325671  
    0.0550300776958 
  TI = 2.75659012794 2.75367188444 2.74511742545 2.73122692001  
    2.71230077556 2.68863916588 2.66054248407 2.62831163508  
    2.59224604885 2.55264665168 2.50981403057 2.46404790598  
    2.41564868552 2.36491701521 2.31215310416 2.25765684557  
    2.20172951586 2.14467073515 2.08678106653 2.0283608297  
    1.96971000988 1.91112955556 1.85291957165 1.79538025852  
    1.73881205897 1.68351507187 1.62974984363 1.5775597647  
    1.52691639064 1.47779091137 1.43015533315 1.38398076187  
    1.33923932741 1.29590147364 1.25393964336 1.2133244038  
    1.17402785584 1.13602163189 1.09927628702 1.06376452222  
    1.02945723159 0.996325600428 0.964341420464 0.933476052506  
    0.90370117921 0.874988224284 0.847308717987 0.820633765915  
    0.794935318596 0.770184540064 0.746352910995 0.723411896227  
    0.701333123867 0.680088162418 0.659648223018 0.63998498831  
    0.621070031774 0.602874504678 0.585369975527 0.568528012822  
    0.55232022023 0.536717794383 0.521692283032 0.507215314287  
    0.493258516254 0.479792771983 0.466789964581 0.454221597084  
    0.442059108236 0.430274006937 0.418837712676 0.407721317121  
    0.396897108148 0.386335988889 0.37600956342 0.365889310837  
    0.35594688905 0.346153479132 0.336480649586 0.326899966225  
    0.317382883429 0.307900848264 0.298425310025 0.288927956424  
    0.279379879126 0.269752942754 0.260018362716 0.250147794462  
    0.240112553176 0.22988419246 0.219434236125 0.208744837354  
    0.197833467022 0.186724775096 0.175443423067 0.164014087331  
    0.152461444279 0.140810135665 0.129084833026 0.117310199952  
    0.105510905385 
  ZEFF = 1.28115407882 1.28128713367 1.28167886853 1.28231824253  
    1.28319445046 1.28429733005 1.28561650069 1.28714191868  
    1.28886398611 1.29077317313 1.29285972795 1.29511463925  
    1.29752846587 1.30009222221 1.30279678394 1.30563305741  
    1.30859223445 1.31166524016 1.31484332975 1.31811700097  
    1.32147761335 1.32491588899 1.3284224151 1.33198816612  
    1.33560346045 1.33925877606 1.3429441513 1.34664984179 1.3503652114  
    1.35407996764 1.3577834868 1.36146439741 1.36511162791  
    1.36871296412 1.37225652185 1.37573001616 1.37911964637  
    1.38241242332 1.38559369402 1.38865470535 1.39159506599  
    1.39441664013 1.39712116743 1.39970920424 1.40218250876  
    1.40454226869 1.4067891016 1.40892383053 1.41094739649  
    1.41286078274 1.41466435422 1.41635865387 1.41794408451  
    1.41942091948 1.42078930591 1.42204980445 1.42320168921  
    1.42424543947 1.42518064141 1.42600624409 1.42672245563  
    1.42732883553 1.42782386668 1.42820692466 1.42847635249  
    1.42863160016 1.42867068957 1.42859186793 1.42839336121  
    1.42807270888 1.4276270107 1.42705485903 1.42635155906  
    1.42551467347 1.42453978715 1.42342298048 1.42215912241  
    1.42074291489 1.41916876171 1.41742998969 1.4155190673  
    1.41342784952 1.41114732579 1.40866707366 1.4059904694  
    1.40320700057 1.4004454283 1.39784672013 1.39556801022  
    1.39378869402 1.38564240396 1.38543664471 1.38240921038  
    1.37651475261 1.36769975411 1.35591967113 1.34119827376  
    1.32377692642 1.30450995389 1.28596487427 1.27573912683 
  OMEGA = 73743.53125 73638.4999965 73338.2031086 72864.8905889  
    72240.781189 71488.1016223 70629.0858169 69685.968779 68680.9529418  
    67636.2894392 66574.2189082 65512.4882181 64454.3512792  
    63400.0034045 62349.6914687 61303.6139034 60261.9957221  
    59225.093935 58193.12183 57166.2653808 56144.7893661 55128.9094921  
    54118.84363 53114.8246363 52117.0658728 51125.8046875 50141.2334394  
    49163.6221388 48193.168084 47230.0929495 46274.6456656  
    45327.0197562 44387.4641747 43456.1769968 42533.4182972  
    41619.3744579 40714.2786319 39818.3754249 38931.8823921  
    38055.0143777 37187.988795 36331.0543829 35484.409053 34648.3013754  
    33822.9412108 33008.5576296 32205.3619936 31413.5917032  
    30633.4620601 29865.2155706 29109.0566406 28365.2219529  
    27633.9243987 26915.4022599 26209.8706402 25517.5515985  
    24838.6759415 24173.4565605 23522.141503 22884.9299885  
    22262.0581081 21653.743047 21060.2229356 20481.7067591  
    19918.4230336 19370.6022285 18838.4623119 18322.2254573  
    17822.1253518 17338.3748867 16871.2103907 16420.6338164  
    15986.1711422 15567.2625032 15163.3529172 14773.8916016  
    14398.3170311 14036.0735402 13686.6113227 13349.3698515  
    13023.7933501 12709.3311284 12405.4216613 12111.5141659  
    11827.0510236 11551.4762329 11284.2357282 11024.7706298  
    10772.5291782 10526.9537547 10287.4896701 10053.5797084  
    9824.67225329 9600.20816696 9379.63276031 9162.39134426  
    8947.92727658 8735.68517515 8525.10977558 8315.64570731  
    8106.73730469 
  J_OH = 1.13662831033 1.13520643769 1.12118076868 1.09102967363  
    1.05132660382 1.01938504403 1.00185932635 0.993848188339  
    0.985385027714 0.975435954925 0.966064627019 0.956817599382  
    0.947169175706 0.937490141032 0.927800093908 0.918097480531  
    0.908038789518 0.89793733848 0.887515271016 0.87728355363  
    0.866932501596 0.856455944805 0.845960810529 0.835455026407  
    0.824982426774 0.81452424794 0.803969542932 0.793319502903  
    0.782553357905 0.771678842707 0.760485915365 0.749244915688  
    0.737774825466 0.726179497219 0.714355544794 0.702170955532  
    0.689720624937 0.677126742748 0.664262797748 0.651021098592  
    0.637559100816 0.623951513896 0.610131897093 0.596054719189  
    0.581766325906 0.567335020686 0.552684430412 0.537927360184  
    0.52296275028 0.507884876145 0.492698267981 0.477403852944  
    0.462001922837 0.446538411299 0.430988480024 0.415332274789  
    0.399591627355 0.38376247345 0.367877279426 0.351903368162  
    0.335834803195 0.319677140501 0.303476665098 0.287179868625  
    0.270833285831 0.254496006008 0.238096895781 0.221742382774  
    0.205473974137 0.189321246287 0.173355197067 0.15764869898  
    0.142265336676 0.12727943276 0.112784331979 0.0988577541748  
    0.0855736992868 0.0730058107289 0.0612201771567 0.0502740983703  
    0.0402068067975 0.0310447051601 0.0228059163858 0.0154951141453  
    0.00910075077434 0.00359829701471 -0.00103891332597  
    -0.0048501357857 -0.00788024298704 -0.0101772244771  
    -0.0117922859225 -0.0127751249395 -0.0131812395229 -0.0130852643651  
    -0.0125490677725 -0.0116282863917 -0.0103772853194  
    -0.00885140962475 -0.00710478030844 -0.00513391975944  
    -0.00287490156572 
  J_BS = 0.0 0.0024125687271 0.0100742117069 0.0226586231414  
    0.0363757240711 0.0476520697478 0.0547510726973 0.0589581246534  
    0.0626628163594 0.0663648915629 0.0696485810977 0.0726329141155  
    0.0754438550014 0.0779974550118 0.0802546213041 0.0822315668497  
    0.0839765790188 0.0855128524794 0.0868014865852 0.0877920797904  
    0.0885454133093 0.0890916492761 0.0893796315681 0.0894204916438  
    0.0892014771744 0.088717062823 0.0880700808034 0.0873350282663  
    0.0865134178387 0.0856336949653 0.0847079959794 0.0837139571698  
    0.0826438922346 0.0815106077439 0.080327737151 0.0790888752953  
    0.0777939824466 0.0764469395398 0.0750583957221 0.0736380140555  
    0.0721888087957 0.0707363581309 0.0693055876039 0.0679042439786  
    0.0665261294605 0.0651697735371 0.0638371092385 0.0625272184822  
    0.061243969981 0.0599860029224 0.0587514907621 0.0575413532031  
    0.0563553103856 0.0551947139469 0.0540593073801 0.05294801341  
    0.0518623612716 0.0508029048698 0.0497672055223 0.0487563224359  
    0.0477721547512 0.0468121172149 0.0458757076244 0.0449630070309  
    0.044074417787 0.0432093735406 0.0423664051632 0.0415454955127  
    0.0407460173775 0.0399659340432 0.0392059846945 0.0384634753974  
    0.0377367156185 0.0370265104647 0.0363290132537 0.0356427342908  
    0.034966469817 0.0342975436459 0.033632729279 0.0329693448394  
    0.0323052078928 0.0316377991751 0.0309630097689 0.0302848713963  
    0.0296484391232 0.0290963371199 0.028618554334 0.0281866376357  
    0.027771246108 0.0272514862795 0.0267900260175 0.0263013375507  
    0.0255666095603 0.0247077815997 0.0236969470255 0.0225062213671  
    0.0211088602612 0.0194807158774 0.0176021223269 0.0154483112169  
    0.0131489254778 
  J_NB = 0.0713785022083 0.0754577482519 0.0876954863829  
    0.0979354806246 0.107313711507 0.114229173376 0.118878216354  
    0.120509520441 0.121192910645 0.121364787746 0.12099183068  
    0.120349726185 0.119599094735 0.118721607778 0.117844659457  
    0.116820454498 0.115732599422 0.114411213982 0.11317219698  
    0.111709298704 0.110155577869 0.108392610304 0.106455763715  
    0.104187592538 0.101611072938 0.0989478223391 0.0962061645756  
    0.0933667856718 0.0904602642109 0.0873055474963 0.0840774130937  
    0.080632561895 0.0771771439532 0.0735707797466 0.070007608188  
    0.0667478320555 0.0636319189208 0.0604370720156 0.0573015443128  
    0.0543948178259 0.0516597633054 0.0490752389858 0.0466320827167  
    0.0443487895577 0.042257067266 0.0402654127871 0.0384316139624  
    0.036674772038 0.0350930570638 0.0335910318326 0.0321502721826  
    0.0307674300183 0.029429593 0.0280809711526 0.0267864142229  
    0.0256010571677 0.0244902984722 0.0234113596012 0.0223052972487  
    0.0212308052496 0.0202197060022 0.01927052445 0.0183458748404  
    0.0175220707834 0.0167526775377 0.0159966356386 0.0153762647215  
    0.0147896746689 0.0141972649744 0.0136221676782 0.0130486945347  
    0.0124700279583 0.0119027008058 0.0113437043739 0.0107816790771  
    0.0102178166166 0.00965187062171 0.00908963121412 0.00853302333018  
    0.00797641166409 0.00742482170852 0.00688709571444 0.00636447747104  
    0.00585539967909 0.005363642709 0.00489574325885 0.00445147731977  
    0.00403819789377 0.00365985828764 0.00330706047919 0.00297905450106  
    0.00267991430599 0.00239907950957 0.00213951973607 0.00190589222483  
    0.00169664958406 0.00151077408425 0.00134920947238 0.00120914118421  
    0.00108394239276 0.000952813333204 
  J_EC = 0.0 0.0 0.0 0.0 0.0 0.0 0.0 0.0 0.0 0.0 0.0 0.0 0.0 0.0 0.0  
    0.0 0.0 0.0 0.0 0.0 0.0 0.0 0.0 0.0 0.0 0.0 0.0 0.0 0.0 0.0 0.0 0.0  
    0.0 0.0 0.0 0.0 0.0 0.0 0.0 0.0 0.0 0.0 0.0 0.0 0.0 0.0 0.0 0.0 0.0  
    0.0 0.0 0.0 0.0 0.0 0.0 0.0 0.0 0.0 0.0 0.0 0.0 0.0 0.0 0.0 0.0 0.0  
    0.0 0.0 0.0 0.0 0.0 0.0 0.0 0.0 0.0 0.0 0.0 0.0 0.0 0.0 0.0 0.0 0.0  
    0.0 0.0 0.0 0.0 0.0 0.0 0.0 0.0 0.0 0.0 0.0 0.0 0.0 0.0 0.0 0.0 0.0  
    0.0 
  J_IC = 0.0 0.0 0.0 0.0 0.0 0.0 0.0 0.0 0.0 0.0 0.0 0.0 0.0 0.0 0.0  
    0.0 0.0 0.0 0.0 0.0 0.0 0.0 0.0 0.0 0.0 0.0 0.0 0.0 0.0 0.0 0.0 0.0  
    0.0 0.0 0.0 0.0 0.0 0.0 0.0 0.0 0.0 0.0 0.0 0.0 0.0 0.0 0.0 0.0 0.0  
    0.0 0.0 0.0 0.0 0.0 0.0 0.0 0.0 0.0 0.0 0.0 0.0 0.0 0.0 0.0 0.0 0.0  
    0.0 0.0 0.0 0.0 0.0 0.0 0.0 0.0 0.0 0.0 0.0 0.0 0.0 0.0 0.0 0.0 0.0  
    0.0 0.0 0.0 0.0 0.0 0.0 0.0 0.0 0.0 0.0 0.0 0.0 0.0 0.0 0.0 0.0 0.0  
    0.0 
  PE_NB = 0.144140712689 0.144141753348 0.144314425343 0.144204253058  
    0.143938795342 0.143480098343 0.142856918964 0.142093041181  
    0.141175717178 0.140121992641 0.138898109979 0.13748483939  
    0.135951166158 0.134305045488 0.132507101015 0.130577348466  
    0.128532684847 0.126384472222 0.124154428412 0.121835450352  
    0.119427475137 0.116961776425 0.114452865184 0.111899083447  
    0.109310075231 0.106685393475 0.104037996556 0.101387617909  
    0.0987392669819 0.0960919736601 0.0934580686795 0.090855052117  
    0.0882818365365 0.0857379209387 0.0832319016172 0.0807715866874  
    0.0783588488832 0.0759923450038 0.0736778328369 0.0714207839888  
    0.0692213079582 0.0670796767804 0.0649979594087 0.0629779633078  
    0.061020175471 0.059125094328 0.0572923410267 0.055520809005  
    0.0538078137041 0.0521528610524 0.0505547733119 0.0490109336416  
    0.0475181258458 0.0460746069075 0.0446759516831 0.0433169678786  
    0.0419958054121 0.0407108608429 0.0394614203526 0.0382415918953  
    0.03704577971 0.0358736238443 0.0347261699241 0.0335958371386  
    0.0324863670383 0.0313928122439 0.0303129551011 0.0292461731568  
    0.0281917385282 0.0271497868893 0.0261191361499 0.0250992428362  
    0.0240897041849 0.0230910371156 0.0221042478348 0.0211302132077  
    0.0201702387147 0.0192252024559 0.0182965857515 0.0173859725534  
    0.0164952110574 0.0156258676423 0.0147809655561 0.0139621271895  
    0.0131720712364 0.0124124425793 0.0116848339755 0.0109908914719  
    0.0103326648779 0.00971226491964 0.00913177562634 0.00859227632208  
    0.00809551017855 0.00764230477527 0.00723285846241 0.0068679357069  
    0.0065499757896 0.00629007311594 0.00608396553148 0.00591508244476  
    0.0056677236677 
  PE_EC = 0.0 0.0 0.0 0.0 0.0 0.0 0.0 0.0 0.0 0.0 0.0 0.0 0.0 0.0 0.0  
    0.0 0.0 0.0 0.0 0.0 0.0 0.0 0.0 0.0 0.0 0.0 0.0 0.0 0.0 0.0 0.0 0.0  
    0.0 0.0 0.0 0.0 0.0 0.0 0.0 0.0 0.0 0.0 0.0 0.0 0.0 0.0 0.0 0.0 0.0  
    0.0 0.0 0.0 0.0 0.0 0.0 0.0 0.0 0.0 0.0 0.0 0.0 0.0 0.0 0.0 0.0 0.0  
    0.0 0.0 0.0 0.0 0.0 0.0 0.0 0.0 0.0 0.0 0.0 0.0 0.0 0.0 0.0 0.0 0.0  
    0.0 0.0 0.0 0.0 0.0 0.0 0.0 0.0 0.0 0.0 0.0 0.0 0.0 0.0 0.0 0.0 0.0  
    0.0 
  PE_IC = 0.0 0.0 0.0 0.0 0.0 0.0 0.0 0.0 0.0 0.0 0.0 0.0 0.0 0.0 0.0  
    0.0 0.0 0.0 0.0 0.0 0.0 0.0 0.0 0.0 0.0 0.0 0.0 0.0 0.0 0.0 0.0 0.0  
    0.0 0.0 0.0 0.0 0.0 0.0 0.0 0.0 0.0 0.0 0.0 0.0 0.0 0.0 0.0 0.0 0.0  
    0.0 0.0 0.0 0.0 0.0 0.0 0.0 0.0 0.0 0.0 0.0 0.0 0.0 0.0 0.0 0.0 0.0  
    0.0 0.0 0.0 0.0 0.0 0.0 0.0 0.0 0.0 0.0 0.0 0.0 0.0 0.0 0.0 0.0 0.0  
    0.0 0.0 0.0 0.0 0.0 0.0 0.0 0.0 0.0 0.0 0.0 0.0 0.0 0.0 0.0 0.0 0.0  
    0.0 
  PE_FUS = 0.0 0.0 0.0 0.0 0.0 0.0 0.0 0.0 0.0 0.0 0.0 0.0 0.0 0.0 0.0  
    0.0 0.0 0.0 0.0 0.0 0.0 0.0 0.0 0.0 0.0 0.0 0.0 0.0 0.0 0.0 0.0 0.0  
    0.0 0.0 0.0 0.0 0.0 0.0 0.0 0.0 0.0 0.0 0.0 0.0 0.0 0.0 0.0 0.0 0.0  
    0.0 0.0 0.0 0.0 0.0 0.0 0.0 0.0 0.0 0.0 0.0 0.0 0.0 0.0 0.0 0.0 0.0  
    0.0 0.0 0.0 0.0 0.0 0.0 0.0 0.0 0.0 0.0 0.0 0.0 0.0 0.0 0.0 0.0 0.0  
    0.0 0.0 0.0 0.0 0.0 0.0 0.0 0.0 0.0 0.0 0.0 0.0 0.0 0.0 0.0 0.0 0.0  
    0.0 
  PE_IONIZATION = 0.0 0.0 0.0 0.0 0.0 0.0 0.0 0.0 0.0 0.0 0.0 0.0 0.0  
    0.0 0.0 0.0 0.0 0.0 0.0 0.0 0.0 0.0 0.0 0.0 0.0 0.0 0.0 0.0 0.0 0.0  
    0.0 0.0 0.0 0.0 0.0 0.0 0.0 0.0 0.0 0.0 0.0 0.0 0.0 0.0 0.0 0.0 0.0  
    0.0 0.0 0.0 0.0 0.0 0.0 0.0 0.0 0.0 0.0 0.0 0.0 0.0 0.0 0.0 0.0 0.0  
    0.0 0.0 0.0 0.0 0.0 0.0 0.0 0.0 0.0 0.0 0.0 0.0 0.0 0.0 0.0 0.0 0.0  
    0.0 0.0 0.0 0.0 0.0 0.0 0.0 0.0 0.0 0.0 0.0 0.0 0.0 0.0 0.0 0.0 0.0  
    0.0 0.0 0.0 
  P_RAD = -309.893227991 -79.7472767234 150.398674638 384.751220338  
    671.073860805 1035.42299699 1492.6832495 1981.97861033  
    2528.74782296 3154.35400055 3844.82344261 4578.12000232  
    5371.7071258 6215.62614805 7103.70684074 8038.08637932  
    9015.91439325 10031.2888764 11086.4457426 12171.9768067  
    13291.7882482 14441.5878886 15618.7946258 16821.198983  
    18048.5258273 19292.8556839 20557.6614986 21841.7587864  
    23134.145028 24441.7474301 25759.1548926 27084.7077945  
    28415.7984271 29750.7646586 31087.3501147 32423.5233659  
    33757.191437 35086.2378347 36408.5844943 37722.1274872  
    39025.0984838 40314.8343087 41589.4136521 42846.6841027  
    44084.7432072 45300.9796649 46493.3009541 47659.4573099  
    48796.3899726 49904.0807648 50977.8509488 52015.7387337  
    53016.2295868 53975.7274336 54892.4251799 55763.043568  
    56585.7565866 57357.106184 58074.5594381 58735.3484127  
    59335.9445258 59874.4337864 60346.9589736 60750.1515621  
    61081.7024493 61337.2806744 61513.7482556 61607.5559117  
    61614.9271254 61532.6204403 61355.8384603 61081.6827037  
    60705.1346175 60222.0341786 59627.7315085 58919.3281073  
    58090.1428873 57136.7588256 56053.1961395 54834.3891856  
    53475.5150485 51970.8805617 50313.2301583 48500.7098347  
    46523.5609479 44376.3541907 42053.0655907 39545.9818239  
    36849.813221 33955.8829439 30856.7395942 27560.2613279  
    24131.1865933 20648.689139 17192.7182664 13842.347575 10677.7548529  
    7778.94848701 5225.92654043 3099.04640937 1481.6294306 
  PI_NB = 0.269961408749 0.269796020436 0.269453812822 0.268433542467  
    0.267002002462 0.265051504673 0.262630442108 0.259693163883  
    0.256297948819 0.252444325338 0.248215149359 0.243674012825  
    0.238748590499 0.233466979064 0.227937122733 0.222169296195  
    0.216177443956 0.209992327393 0.203629541313 0.197143297589  
    0.190578320068 0.183933498404 0.177231755095 0.170518570696  
    0.163820917758 0.157178490188 0.15060912604 0.144118497065  
    0.137731348368 0.131477442244 0.12536606084 0.119397986412  
    0.113594755103 0.107974224051 0.102540695528 0.0972965774699  
    0.0922497172042 0.0874095224213 0.0827733313984 0.0783367231274  
    0.0741007012733 0.0700643082271 0.0662231368678 0.0625715383948  
    0.0591039265944 0.0558134015248 0.052693015574 0.0497358573088  
    0.0469355293825 0.0442831060517 0.0417699310237 0.0393886355513  
    0.0371323985112 0.0349928679058 0.0329646707801 0.0310433422713  
    0.0292211682283 0.0274905826864 0.0258436225471 0.0242781718322  
    0.0227967806183 0.021379616679 0.0200314868746 0.0187505422229  
    0.0175266570135 0.016360344149 0.0152495073552 0.0141911002465  
    0.0131827298261 0.012221666522 0.0113067767909 0.0104367497532  
    0.00961059111142 0.00882685116208 0.0080840321311 0.00738107134297  
    0.00671686004038 0.00609089397376 0.00550238764762 0.00495064234326  
    0.00443488913351 0.00395492598393 0.00350882536749 0.00309673212743  
    0.00271721418814 0.0023694555758 0.00205226309945 0.00176438692921  
    0.00150486882843 0.00127252376635 0.00106570579807  
    0.000883923563262 0.000724986110693 0.000587279112522  
    0.000469109439482 0.000368849734949 0.00028517551878  
    0.000216975584701 0.000161932038134 0.000115758604154  
    7.4748856356e-05 
  PI_EC = 0.0 0.0 0.0 0.0 0.0 0.0 0.0 0.0 0.0 0.0 0.0 0.0 0.0 0.0 0.0  
    0.0 0.0 0.0 0.0 0.0 0.0 0.0 0.0 0.0 0.0 0.0 0.0 0.0 0.0 0.0 0.0 0.0  
    0.0 0.0 0.0 0.0 0.0 0.0 0.0 0.0 0.0 0.0 0.0 0.0 0.0 0.0 0.0 0.0 0.0  
    0.0 0.0 0.0 0.0 0.0 0.0 0.0 0.0 0.0 0.0 0.0 0.0 0.0 0.0 0.0 0.0 0.0  
    0.0 0.0 0.0 0.0 0.0 0.0 0.0 0.0 0.0 0.0 0.0 0.0 0.0 0.0 0.0 0.0 0.0  
    0.0 0.0 0.0 0.0 0.0 0.0 0.0 0.0 0.0 0.0 0.0 0.0 0.0 0.0 0.0 0.0 0.0  
    0.0 
  PI_IC = 0.0 0.0 0.0 0.0 0.0 0.0 0.0 0.0 0.0 0.0 0.0 0.0 0.0 0.0 0.0  
    0.0 0.0 0.0 0.0 0.0 0.0 0.0 0.0 0.0 0.0 0.0 0.0 0.0 0.0 0.0 0.0 0.0  
    0.0 0.0 0.0 0.0 0.0 0.0 0.0 0.0 0.0 0.0 0.0 0.0 0.0 0.0 0.0 0.0 0.0  
    0.0 0.0 0.0 0.0 0.0 0.0 0.0 0.0 0.0 0.0 0.0 0.0 0.0 0.0 0.0 0.0 0.0  
    0.0 0.0 0.0 0.0 0.0 0.0 0.0 0.0 0.0 0.0 0.0 0.0 0.0 0.0 0.0 0.0 0.0  
    0.0 0.0 0.0 0.0 0.0 0.0 0.0 0.0 0.0 0.0 0.0 0.0 0.0 0.0 0.0 0.0 0.0  
    0.0 
  PI_FUS = 0.0 0.0 0.0 0.0 0.0 0.0 0.0 0.0 0.0 0.0 0.0 0.0 0.0 0.0 0.0  
    0.0 0.0 0.0 0.0 0.0 0.0 0.0 0.0 0.0 0.0 0.0 0.0 0.0 0.0 0.0 0.0 0.0  
    0.0 0.0 0.0 0.0 0.0 0.0 0.0 0.0 0.0 0.0 0.0 0.0 0.0 0.0 0.0 0.0 0.0  
    0.0 0.0 0.0 0.0 0.0 0.0 0.0 0.0 0.0 0.0 0.0 0.0 0.0 0.0 0.0 0.0 0.0  
    0.0 0.0 0.0 0.0 0.0 0.0 0.0 0.0 0.0 0.0 0.0 0.0 0.0 0.0 0.0 0.0 0.0  
    0.0 0.0 0.0 0.0 0.0 0.0 0.0 0.0 0.0 0.0 0.0 0.0 0.0 0.0 0.0 0.0 0.0  
    0.0 
  PI_IONIZATION = 0.0 0.0 0.0 0.0 0.0 0.0 0.0 0.0 0.0 0.0 0.0 0.0 0.0  
    0.0 0.0 0.0 0.0 0.0 0.0 0.0 0.0 0.0 0.0 0.0 0.0 0.0 0.0 0.0 0.0 0.0  
    0.0 0.0 0.0 0.0 0.0 0.0 0.0 0.0 0.0 0.0 0.0 0.0 0.0 0.0 0.0 0.0 0.0  
    0.0 0.0 0.0 0.0 0.0 0.0 0.0 0.0 0.0 0.0 0.0 0.0 0.0 0.0 0.0 0.0 0.0  
    0.0 0.0 0.0 0.0 0.0 0.0 0.0 0.0 0.0 0.0 0.0 0.0 0.0 0.0 0.0 0.0 0.0  
    0.0 0.0 0.0 0.0 0.0 0.0 0.0 0.0 0.0 0.0 0.0 0.0 0.0 0.0 0.0 0.0 0.0  
    0.0 0.0 0.0 
  PI_CX = 0.0 0.0 0.0 0.0 0.0 0.0 0.0 0.0 0.0 0.0 0.0 0.0 0.0 0.0 0.0  
    0.0 0.0 0.0 0.0 0.0 0.0 0.0 0.0 0.0 0.0 0.0 0.0 0.0 0.0 0.0 0.0 0.0  
    0.0 0.0 0.0 0.0 0.0 0.0 0.0 0.0 0.0 0.0 0.0 0.0 0.0 0.0 0.0 0.0 0.0  
    0.0 0.0 0.0 0.0 0.0 0.0 0.0 0.0 0.0 0.0 0.0 0.0 0.0 0.0 0.0 0.0 0.0  
    0.0 0.0 0.0 0.0 0.0 0.0 0.0 0.0 0.0 0.0 0.0 0.0 0.0 0.0 0.0 0.0 0.0  
    0.0 0.0 0.0 0.0 0.0 0.0 0.0 0.0 0.0 0.0 0.0 0.0 0.0 0.0 0.0 0.0 0.0  
    0.0 
  P_OHM = 0.0 0.0 0.0 0.0 0.0 0.0 0.0 0.0 0.0 0.0 0.0 0.0 0.0 0.0 0.0  
    0.0 0.0 0.0 0.0 0.0 0.0 0.0 0.0 0.0 0.0 0.0 0.0 0.0 0.0 0.0 0.0 0.0  
    0.0 0.0 0.0 0.0 0.0 0.0 0.0 0.0 0.0 0.0 0.0 0.0 0.0 0.0 0.0 0.0 0.0  
    0.0 0.0 0.0 0.0 0.0 0.0 0.0 0.0 0.0 0.0 0.0 0.0 0.0 0.0 0.0 0.0 0.0  
    0.0 0.0 0.0 0.0 0.0 0.0 0.0 0.0 0.0 0.0 0.0 0.0 0.0 0.0 0.0 0.0 0.0  
    0.0 0.0 0.0 0.0 0.0 0.0 0.0 0.0 0.0 0.0 0.0 0.0 0.0 0.0 0.0 0.0 0.0  
    0.0 
  P_EI = 0.0 0.0 0.0 0.0 0.0 0.0 0.0 0.0 0.0 0.0 0.0 0.0 0.0 0.0 0.0  
    0.0 0.0 0.0 0.0 0.0 0.0 0.0 0.0 0.0 0.0 0.0 0.0 0.0 0.0 0.0 0.0 0.0  
    0.0 0.0 0.0 0.0 0.0 0.0 0.0 0.0 0.0 0.0 0.0 0.0 0.0 0.0 0.0 0.0 0.0  
    0.0 0.0 0.0 0.0 0.0 0.0 0.0 0.0 0.0 0.0 0.0 0.0 0.0 0.0 0.0 0.0 0.0  
    0.0 0.0 0.0 0.0 0.0 0.0 0.0 0.0 0.0 0.0 0.0 0.0 0.0 0.0 0.0 0.0 0.0  
    0.0 0.0 0.0 0.0 0.0 0.0 0.0 0.0 0.0 0.0 0.0 0.0 0.0 0.0 0.0 0.0 0.0  
    0.0 
  TORQUE_NB = 0.02618781087 0.0261526878763 0.0259697115122  
    0.0258006965613 0.0257068397684 0.025607704844 0.0254933407245  
    0.0252685120123 0.0249873743834 0.0245840742617 0.0242013731309  
    0.0239357268681 0.0235438092849 0.023020821073 0.0225494520424  
    0.0220910499414 0.0216246213219 0.0211380787438 0.0205734409723  
    0.0200140372227 0.0195122306405 0.0189677617474 0.0183603487557  
    0.0177423259848 0.0171161651685 0.016537736123 0.0159910943957  
    0.0154209164273 0.0148454355876 0.0143143149134 0.0138019596413  
    0.0132505369736 0.0127005570149 0.0121878021908 0.0116940472225  
    0.0112008042477 0.010720291838 0.0102784349676 0.00985900951053  
    0.00944327982511 0.00903777822087 0.00864912368375 0.00827708836951  
    0.00792007446204 0.0075772687456 0.00724959896373 0.00693676537603  
    0.0066381288512 0.00636294309673 0.00610154233257 0.00584624043061  
    0.00559743154069 0.00535846457698 0.00512008677596 0.00489253339754  
    0.00469224944577 0.00450960846601 0.00433196662599 0.00413869280376  
    0.00395330546755 0.00377886833804 0.00361614604456 0.00345897184784  
    0.00330385138773 0.0031522046089 0.00300537120843 0.0028706400846  
    0.00274170240185 0.0026159025881 0.00248345619133 0.00235156452467  
    0.00222369744031 0.00210569036633 0.00199552016822 0.00188795740251  
    0.00178205999001 0.00167427179895 0.00156986596305 0.0014688842205  
    0.00137256125645 0.0012805722826 0.00119194572127 0.00110683575593  
    0.00102503636633 0.000946893209056 0.000872561431359  
    0.000802205062988 0.000735604748217 0.000672722299574  
    0.000614175794908 0.000559902178305 0.000510153520564  
    0.000465225710036 0.000424830788345 0.000388550543613  
    0.000356327184825 0.000328304799258 0.000305080839595  
    0.00028629507445 0.000269980250952 0.000249931434078 
  TORQUE_IN = 0.0 0.0 0.0 0.0 0.0 0.0 0.0 0.0 0.0 0.0 0.0 0.0 0.0 0.0  
    0.0 0.0 0.0 0.0 0.0 0.0 0.0 0.0 0.0 0.0 0.0 0.0 0.0 0.0 0.0 0.0 0.0  
    0.0 0.0 0.0 0.0 0.0 0.0 0.0 0.0 0.0 0.0 0.0 0.0 0.0 0.0 0.0 0.0 0.0  
    0.0 0.0 0.0 0.0 0.0 0.0 0.0 0.0 0.0 0.0 0.0 0.0 0.0 0.0 0.0 0.0 0.0  
    0.0 0.0 0.0 0.0 0.0 0.0 0.0 0.0 0.0 0.0 0.0 0.0 0.0 0.0 0.0 0.0 0.0  
    0.0 0.0 0.0 0.0 0.0 0.0 0.0 0.0 0.0 0.0 0.0 0.0 0.0 0.0 0.0 0.0 0.0  
    0.0 0.0 
  SE_NB = 0.0 0.0 0.0 0.0 0.0 0.0 0.0 0.0 0.0 0.0 0.0 0.0 0.0 0.0 0.0  
    0.0 0.0 0.0 0.0 0.0 0.0 0.0 0.0 0.0 0.0 0.0 0.0 0.0 0.0 0.0 0.0 0.0  
    0.0 0.0 0.0 0.0 0.0 0.0 0.0 0.0 0.0 0.0 0.0 0.0 0.0 0.0 0.0 0.0 0.0  
    0.0 0.0 0.0 0.0 0.0 0.0 0.0 0.0 0.0 0.0 0.0 0.0 0.0 0.0 0.0 0.0 0.0  
    0.0 0.0 0.0 0.0 0.0 0.0 0.0 0.0 0.0 0.0 0.0 0.0 0.0 0.0 0.0 0.0 0.0  
    0.0 0.0 0.0 0.0 0.0 0.0 0.0 0.0 0.0 0.0 0.0 0.0 0.0 0.0 0.0 0.0 0.0  
    0.0 
  SE_IONIZATION = 0.0 0.0 0.0 0.0 0.0 0.0 0.0 0.0 0.0 0.0 0.0 0.0 0.0  
    0.0 0.0 0.0 0.0 0.0 0.0 0.0 0.0 0.0 0.0 0.0 0.0 0.0 0.0 0.0 0.0 0.0  
    0.0 0.0 0.0 0.0 0.0 0.0 0.0 0.0 0.0 0.0 0.0 0.0 0.0 0.0 0.0 0.0 0.0  
    0.0 0.0 0.0 0.0 0.0 0.0 0.0 0.0 0.0 0.0 0.0 0.0 0.0 0.0 0.0 0.0 0.0  
    0.0 0.0 0.0 0.0 0.0 0.0 0.0 0.0 0.0 0.0 0.0 0.0 0.0 0.0 0.0 0.0 0.0  
    0.0 0.0 0.0 0.0 0.0 0.0 0.0 0.0 0.0 0.0 0.0 0.0 0.0 0.0 0.0 0.0 0.0  
    0.0 0.0 0.0 
  SI_NB = 0.0 0.0 0.0 0.0 0.0 0.0 0.0 0.0 0.0 0.0 0.0 0.0 0.0 0.0 0.0  
    0.0 0.0 0.0 0.0 0.0 0.0 0.0 0.0 0.0 0.0 0.0 0.0 0.0 0.0 0.0 0.0 0.0  
    0.0 0.0 0.0 0.0 0.0 0.0 0.0 0.0 0.0 0.0 0.0 0.0 0.0 0.0 0.0 0.0 0.0  
    0.0 0.0 0.0 0.0 0.0 0.0 0.0 0.0 0.0 0.0 0.0 0.0 0.0 0.0 0.0 0.0 0.0  
    0.0 0.0 0.0 0.0 0.0 0.0 0.0 0.0 0.0 0.0 0.0 0.0 0.0 0.0 0.0 0.0 0.0  
    0.0 0.0 0.0 0.0 0.0 0.0 0.0 0.0 0.0 0.0 0.0 0.0 0.0 0.0 0.0 0.0 0.0  
    0.0 
  SI_IONIZATION = 0.0 0.0 0.0 0.0 0.0 0.0 0.0 0.0 0.0 0.0 0.0 0.0 0.0  
    0.0 0.0 0.0 0.0 0.0 0.0 0.0 0.0 0.0 0.0 0.0 0.0 0.0 0.0 0.0 0.0 0.0  
    0.0 0.0 0.0 0.0 0.0 0.0 0.0 0.0 0.0 0.0 0.0 0.0 0.0 0.0 0.0 0.0 0.0  
    0.0 0.0 0.0 0.0 0.0 0.0 0.0 0.0 0.0 0.0 0.0 0.0 0.0 0.0 0.0 0.0 0.0  
    0.0 0.0 0.0 0.0 0.0 0.0 0.0 0.0 0.0 0.0 0.0 0.0 0.0 0.0 0.0 0.0 0.0  
    0.0 0.0 0.0 0.0 0.0 0.0 0.0 0.0 0.0 0.0 0.0 0.0 0.0 0.0 0.0 0.0 0.0  
    0.0 0.0 0.0 
  Q = -0.850206949268 -0.847823740088 -0.840674112548 -0.838101545299  
    -0.841930081514 -0.848508897303 -0.85449273501 -0.858657030972  
    -0.861920237657 -0.865151141364 -0.868553319473 -0.872133145191  
    -0.875224329756 -0.87904989907 -0.883357476844 -0.887787083827  
    -0.89245460617 -0.897103409492 -0.902317925294 -0.907816123529  
    -0.913591154169 -0.91966748525 -0.926048847871 -0.932745888232  
    -0.939790726428 -0.947182801218 -0.954928618181 -0.963032748409  
    -0.97149594099 -0.980328124036 -0.98955117136 -0.999178515011  
    -1.00922185032 -1.01969501873 -1.03061508441 -1.04198770222  
    -1.05381798836 -1.06612391817 -1.07892525275 -1.09223947865  
    -1.10608203912 -1.12046268516 -1.13539140573 -1.15088726758  
    -1.16696685658 -1.18364419503 -1.20094209152 -1.21888103003  
    -1.23748313629 -1.25677277541 -1.27677674332 -1.29752419009  
    -1.31904697787 -1.34137997959 -1.36456023892 -1.38862399539  
    -1.41360809945 -1.43955545372 -1.46651525991 -1.49453920473  
    -1.52368118596 -1.55399581509 -1.58554364922 -1.61838848438  
    -1.65259488292 -1.68823669296 -1.72538670111 -1.7641204462  
    -1.80452350103 -1.84668214954 -1.89068659775 -1.93662959977  
    -1.98460223625 -2.03469976273 -2.08701440485 -2.14163920129  
    -2.1986679578 -2.258189931 -2.32029631292 -2.38507452674  
    -2.4526129078 -2.52300153292 -2.59632717381 -2.67268408512  
    -2.7521671122 -2.8348678873 -2.92088673857 -3.01033156883  
    -3.1033322262 -3.2000375904 -3.30065212808 -3.40531334416  
    -3.5142863744 -3.62788146453 -3.74648613575 -3.8704877895  
    -4.00006444144 -4.13541159213 -4.27943988436 -4.43552554757  
    -4.59730926343 
  PSIPOL = -0.261797880562 -0.261757643393 -0.261636247479  
    -0.261432976942 -0.261148789802 -0.260785691062 -0.260345128867  
    -0.25982748346 -0.259232744052 -0.258561229618 -0.257813579613  
    -0.256990539434 -0.256092538023 -0.255120306502 -0.25407514421  
    -0.252958095168 -0.251770107394 -0.250512051633 -0.249185067109  
    -0.247790554869 -0.246329758812 -0.244803975824 -0.243214562818  
    -0.241562924554 -0.239850537591 -0.238078939488 -0.236249703496  
    -0.234364439669 -0.232424785643 -0.230432408308 -0.228389022172  
    -0.226296390565 -0.224156312401 -0.221970619325 -0.21974117805  
    -0.217469877833 -0.215158613412 -0.212809294418 -0.210423857634  
    -0.208004262602 -0.205552482736 -0.203070492474 -0.20056025696  
    -0.198023738241 -0.195462898424 -0.192879689908 -0.190276058066  
    -0.187653944087 -0.185015279858 -0.182361987757 -0.179695981122  
    -0.177019164596 -0.174333434501 -0.171640679548 -0.168942780644  
    -0.1662416066 -0.163539008256 -0.160836819182 -0.158136861255  
    -0.155440946055 -0.152750871885 -0.150068418986 -0.147395347771  
    -0.144733398831 -0.142084288105 -0.139449706624 -0.136831318397  
    -0.134230752841 -0.131649605545 -0.12908943696 -0.126551766269  
    -0.124038066704 -0.121549757426 -0.119088197024 -0.116654676997  
    -0.114250414004 -0.111876545461 -0.109534123167 -0.107224108771  
    -0.104947370953 -0.102704683098 -0.100496724582 -0.0983240808204  
    -0.0961872463576 -0.0940866298764 -0.0920225550792 -0.0899952650577  
    -0.088004930409 -0.0860516605715 -0.0841355169497 -0.0822565329557  
    -0.0804147069378 -0.078610013424 -0.0768424410549 -0.0751120079434  
    -0.073418762047 -0.0717627196662 -0.0701438193332 -0.0685624246507  
    -0.0670197888901 -0.0655163276027 
  DENSITY_BEAM = 0.282234440708 0.28210494841 0.282001637809  
    0.281164821296 0.279865295981 0.278030851575 0.275717045109  
    0.272924545646 0.269676071933 0.266016304798 0.261922323636  
    0.257393895255 0.252523835359 0.24734288859 0.241852212847  
    0.236088687575 0.230075062322 0.223858056884 0.217495869033  
    0.210989170054 0.204354582186 0.197654322056 0.190922915355  
    0.184179479352 0.177450953056 0.170748789821 0.164101637892  
    0.157543741675 0.151091323483 0.144750579891 0.138545282454  
    0.132504684834 0.126630126448 0.120922582573 0.115396035298  
    0.11006100182 0.104920174833 0.0999753955149 0.0952292211787  
    0.0906821288077 0.0863335222677 0.0821812379024 0.0782210306436  
    0.0744479370433 0.070856296111 0.0674390514004 0.0641893957155  
    0.0610997882317 0.0581606331299 0.0553663893054 0.0527108436432  
    0.050185943493 0.0477829890683 0.0454951038654 0.0433143737672  
    0.0412322641185 0.0392430989703 0.0373417655284 0.0355239054227  
    0.0337818421806 0.0321103235855 0.0305046315252 0.0289606161169  
    0.0274742845898 0.0260420268821 0.0246606682344 0.0233269885023  
    0.0220388613247 0.0207942989967 0.0195919678764 0.0184298257768  
    0.0173064184275 0.016220404928 0.0151711122221 0.0141581326138  
    0.0131810807285 0.0122397908271 0.0113340033523 0.0104637527738  
    0.00962914401835 0.00883040198718 0.00806783895048 0.00734182940628  
    0.00665284140092 0.00600149529211 0.00538907176214 0.00481668516795  
    0.00428504902736 0.00379480045896 0.00334612397116 0.00293883753668  
    0.00257158411663 0.00224306680607 0.0019511192706 0.00169322839642  
    0.00146692495134 0.00127063963912 0.00110455400538  
    0.000964962704031 0.000841270519567 0.000712667908118 
  WBEAM = 0.0186708366679 0.0186711247456 0.0186719889787  
    0.0186175772484 0.0185242409081 0.0183892226618 0.0182177593492  
    0.0180168404015 0.0177843212289 0.0175243646217 0.017231577189  
    0.0169034388308 0.0165543412876 0.0161866716994 0.0157934754975  
    0.015379669461 0.0149497469494 0.0145063218834 0.0140537384962  
    0.0135917098577 0.0131210517243 0.0126476237105 0.0121743345879  
    0.0117012635437 0.0112303696078 0.0107619280051 0.0102983076666  
    0.00984283786997 0.00939633208027 0.00895875918801 0.00853194485435  
    0.00811823161464 0.00771741496258 0.00732937334702 0.00695506831736  
    0.00659532242955 0.00625011311733 0.00591895651021 0.00560237549383  
    0.00530084311086 0.00501401167902 0.00474143901576 0.00448271226655  
    0.00423736774871 0.00400487722148 0.00378472658688 0.00357634449531  
    0.00337916469296 0.00319251900144 0.00301594442299 0.00284894415089  
    0.002690953359 0.00254140359949 0.00239988246106 0.00226575432238  
    0.00213838085735 0.00201742510253 0.00190259642963 0.00179367934167  
    0.00169007783042 0.00159131526513 0.00149719695014 0.00140761252739  
    0.00132209678617 0.00124064233046 0.00116290707439 0.00108865896397  
    0.00101777726377 0.000950132967373 0.000885646804359  
    0.000824157353475 0.00076554690065 0.00070969695001  
    0.00065654414515 0.000606042136274 0.000558132036366  
    0.000512768557567 0.00046987715969 0.000429408270403  
    0.000391309479542 0.000355533958122 0.000322026469563  
    0.000290755464483 0.000261654846716 0.000234683059356  
    0.000209813724861 0.000187015261937 0.000166234682249  
    0.000147406613875 0.000130450188186 0.000115271520891  
    0.000101751505272 8.97684108484e-05 7.91899733457e-05  
    6.98820080705e-05 6.17212088229e-05 5.46044291636e-05  
    4.84989318202e-05 4.3249899215e-05 3.865734662e-05  
    3.40112034013e-05 
  DENSITY_ALPHA = 0.0 0.0 0.0 0.0 0.0 0.0 0.0 0.0 0.0 0.0 0.0 0.0 0.0  
    0.0 0.0 0.0 0.0 0.0 0.0 0.0 0.0 0.0 0.0 0.0 0.0 0.0 0.0 0.0 0.0 0.0  
    0.0 0.0 0.0 0.0 0.0 0.0 0.0 0.0 0.0 0.0 0.0 0.0 0.0 0.0 0.0 0.0 0.0  
    0.0 0.0 0.0 0.0 0.0 0.0 0.0 0.0 0.0 0.0 0.0 0.0 0.0 0.0 0.0 0.0 0.0  
    0.0 0.0 0.0 0.0 0.0 0.0 0.0 0.0 0.0 0.0 0.0 0.0 0.0 0.0 0.0 0.0 0.0  
    0.0 0.0 0.0 0.0 0.0 0.0 0.0 0.0 0.0 0.0 0.0 0.0 0.0 0.0 0.0 0.0 0.0  
    0.0 0.0 0.0 
  WALPHA = 0.0 0.0 0.0 0.0 0.0 0.0 0.0 0.0 0.0 0.0 0.0 0.0 0.0 0.0 0.0  
    0.0 0.0 0.0 0.0 0.0 0.0 0.0 0.0 0.0 0.0 0.0 0.0 0.0 0.0 0.0 0.0 0.0  
    0.0 0.0 0.0 0.0 0.0 0.0 0.0 0.0 0.0 0.0 0.0 0.0 0.0 0.0 0.0 0.0 0.0  
    0.0 0.0 0.0 0.0 0.0 0.0 0.0 0.0 0.0 0.0 0.0 0.0 0.0 0.0 0.0 0.0 0.0  
    0.0 0.0 0.0 0.0 0.0 0.0 0.0 0.0 0.0 0.0 0.0 0.0 0.0 0.0 0.0 0.0 0.0  
    0.0 0.0 0.0 0.0 0.0 0.0 0.0 0.0 0.0 0.0 0.0 0.0 0.0 0.0 0.0 0.0 0.0  
    0.0 
  CHIE = 0.776616702889 0.786772092708 0.798768628942 0.810486193425  
    0.821895628408 0.833243335124 0.844641260158 0.856306047546  
    0.868041543156 0.879707673772 0.891340662388 0.90280804072  
    0.914169688857 0.925469840131 0.936654542011 0.947745920066  
    0.958755496314 0.969691245166 0.980530850354 0.991371403262  
    1.0022100324 1.0131029752 1.02404913927 1.03515470957 1.04643894033  
    1.05795672879 1.06978260817 1.081952576 1.09459853351 1.10773420799  
    1.12145228095 1.13583200941 1.15095762461 1.16692279308  
    1.1838302815 1.2017710232 1.22085940481 1.24124945719 1.26305352228  
    1.28644874225 1.31072446945 1.33442258632 1.35723916008  
    1.37920069914 1.40026308875 1.42034818707 1.43943454305  
    1.45749476754 1.4744697987 1.49030613525 1.50497257388  
    1.51840194848 1.53055710376 1.54132723428 1.55075054483  
    1.55864241596 1.56500875899 1.5697247998 1.57274015864  
    1.57391525093 1.57323610399 1.57051016292 1.56568623662  
    1.55864283897 1.54926991936 1.53748092124 1.52312783609  
    1.50614441422 1.48642340043 1.46389855397 1.43852131985  
    1.41023804926 1.37904004488 1.34494570461 1.30801162551  
    1.26830241986 1.22597334166 1.18117764934 1.13412341377  
    1.08507908744 1.03436224241 0.982330045347 0.929436186804  
    0.876187587451 0.8233171258 0.771749644138 0.722540535519  
    0.676885212518 0.63616948608 0.602075709739 0.576471190083  
    0.561706602345 0.561122933705 0.579015656258 0.621149762114  
    0.695750558164 0.815381879346 1.00079512542 1.28890810319  
    1.75130997228 0.0 
  CHII = 0.288597619892 0.295634204472 0.303948320985 0.312578622173  
    0.32163535209 0.331114908002 0.341054318717 0.351458728021  
    0.362382375744 0.373868865893 0.385950946235 0.398692254569  
    0.412189030365 0.426535949671 0.441832913244 0.458216775942  
    0.475834565886 0.494859801589 0.51550138201 0.538020505479  
    0.562729928969 0.590005076574 0.620313237196 0.654234826888  
    0.692494527238 0.735483929727 0.780994983918 0.828207949726  
    0.877202894866 0.928090447524 0.980970388325 1.03599403116  
    1.09325542872 1.1529504557 1.21519721058 1.28021767985  
    1.34819179394 1.41928789454 1.493813285 1.5719433473 1.65394992085  
    1.74014664941 1.8308112056 1.92627911407 2.02687153699  
    2.13294618734 2.24483421949 2.36298689098 2.48773535852  
    2.61951973393 2.75876065732 2.9059086865 3.06139327656  
    3.22559459183 3.39900721297 3.58202790142 3.77496438062  
    3.97825194583 4.19219805497 4.41705926373 4.65290656804  
    4.8998867332 5.15798272316 5.4270211813 5.70634111154 5.99579359853  
    6.29447116888 6.60134925777 6.91521876784 7.23450999795  
    7.55721644038 7.88210597773 8.2059208337 8.52665070588  
    8.84151789038 9.1478869691 9.44247064837 9.72281320324  
    9.98624360308 10.230184464 10.4524667509 10.651328045 10.8257223105  
    10.9743787391 11.0996703653 11.204968308 11.2965034486  
    11.3808702684 11.4667859784 11.559849336 11.6881597477  
    11.9079774013 12.2395171951 12.7107778617 13.3639663393  
    14.2642184774 15.5165544275 17.3026761131 19.9622684435  
    24.1918267055 0.0 
  J_TOT = 1.2080068132 1.21307675534 1.21895046742 1.21162377792  
    1.19501603975 1.18126628737 1.17548861556 1.17331583358  
    1.16924075487 1.16316563438 1.15670503893 1.14980023981  
    1.14221212557 1.13420920395 1.12589937479 1.117149502 1.10774796808  
    1.09786140507 1.08748895471 1.07678493226 1.06563349291  
    1.05394020452 1.04179620595 1.02906311073 1.01579497703  
    1.00218913324 0.98824578845 0.974021316978 0.959527040091  
    0.944618085301 0.929271324568 0.913591434876 0.897595861771  
    0.88126088482 0.864690890235 0.848007662976 0.831146526388  
    0.814010754377 0.796622737846 0.779053930526 0.761407672958  
    0.743763111043 0.726069567433 0.708307752734 0.690549522631  
    0.672770206999 0.65495315359 0.637129350669 0.619299777276  
    0.601461910838 0.583600030848 0.565712636069 0.547786826108  
    0.529814096262 0.511834201466 0.493881345178 0.475944286881  
    0.45797673767 0.439949781909 0.42189049552 0.403826663579  
    0.385759781753 0.367698247103 0.349664945933 0.331660380602  
    0.313702014588 0.295839565024 0.278077552275 0.260417255778  
    0.242909347276 0.225609875552 0.208582201594 0.191904752374  
    0.175649646903 0.159895023661 0.144718304496 0.130192039216  
    0.116392985169 0.103385929446 0.0912198546617 0.0799368363001  
    0.0695696000661 0.0601334037563 0.0516353854611 0.0441128329498  
    0.0375903778305 0.0320311188472 0.0273747003325 0.0235508620525  
    0.0203813229662 0.0179767953063 0.0162061276377 0.0147844502629  
    0.0137620376685 0.0130537721451 0.0125745851845 0.0122423495989  
    0.011978516238 0.0117064836502 0.0113983342187 0.0112268375681 
  P_EQ = 30858.1694 30832.0736762 30753.9593579 30624.343321  
    30444.0815375 30214.360792 29936.6872096 29612.8715788  
    29245.0111461 28835.468343 28386.848444 27901.9732959 27383.8506452  
    26835.6394606 26260.6279355 25662.1549097 25043.6284183  
    24408.4532511 23759.9960115 23101.5446366 22436.2741878  
    21767.2085599 21097.187905 20428.8331639 19764.5287225  
    19106.4017756 18456.3058026 17815.8201597 17186.2476535  
    16568.6335822 15963.7854255 15372.2852328 14794.5465883  
    14230.8392944 13681.3424924 13146.1984878 12625.5627275  
    12119.6609212 11628.8186553 11153.3448963 10693.4236037  
    10249.1070194 9820.33807888 9406.9646134 9008.75055985  
    8625.39232048 8256.53198136 7901.76833695 7560.66688264  
    7232.77159264 6917.61221944 6614.71150306 6323.59153018  
    6043.7823961 5774.82776052 5516.28762064 5267.72978111  
    5028.72577653 4798.85537363 4577.70891415 4364.88996971  
    4160.01696847 3962.72760617 3772.67980262 3589.55234752  
    3413.04444486 3242.87979638 3078.80540273 2920.58878844  
    2768.02066525 2620.9151203 2479.10339305 2342.43667057  
    2210.78471475 2084.02772967 1962.06416248 1844.7988236  
    1732.15021352 1624.03332975 1520.34711819 1420.95880434  
    1325.71771566 1234.44773146 1146.96323604 1063.06357188  
    982.539263299 905.180263185 830.770992566 759.095586308  
    689.945883833 623.162096862 558.671917978 496.488231449  
    436.693070562 379.422800028 324.855294729 273.196079958  
    224.667936307 179.514755218 137.929055746 98.5044189 
  NBDRY = 87 
  RBDRY = 1.01619975 1.02077865 1.02775963 1.03921875 1.0525 1.06773122  
    1.08874855 1.105625 1.1321875 1.15875 1.1853125 1.211875 1.23997825  
    1.27828125 1.31473773 1.34808256 1.38896704 1.43765625 1.4775  
    1.530625 1.57046875 1.62359375 1.6634375 1.7165625 1.75704702  
    1.80953125 1.849375 1.88921875 1.92707555 1.955625 1.99546875  
    2.02455678 2.06139555 2.0884375 2.115 2.1415625 2.16398145  
    2.18298739 2.20796875 2.22462011 2.24588501 2.26109375 2.274375  
    2.278279 2.27405725 2.26109375 2.24491395 2.22328408 2.20720233  
    2.18140625 2.16149929 2.14015882 2.115 2.0884375 2.05681464  
    2.02203125 1.99546875 1.955625 1.92115095 1.88921875 1.849375  
    1.80870037 1.75640625 1.7165625 1.6634375 1.62359375 1.57046875  
    1.52847539 1.4775 1.43466928 1.38453125 1.3446875 1.30895184  
    1.27828125 1.2384375 1.211875 1.18296747 1.15516637 1.13148454  
    1.105625 1.08500594 1.06578125 1.0516691 1.03702694 1.0259375  
    1.01789049 1.01619975 
  ZBDRY = 0.0 0.1 0.175 0.259609777 0.332990813 0.4 0.475 0.52571417  
    0.593518224 0.649834902 0.697467413 0.738194782 0.775 0.817214611  
    0.85 0.875 0.9 0.922840195 0.936565698 0.948276089 0.952741908  
    0.952947996 0.948828285 0.937961352 0.925 0.902545379 0.880761514  
    0.854508724 0.825 0.799734328 0.759274582 0.725 0.675 0.632382964  
    0.584186223 0.528545607 0.475 0.425 0.352683554 0.3 0.225  
    0.159659863 0.0750108707 0.0 -0.075 -0.156432256 -0.225 -0.3 -0.35  
    -0.423569076 -0.475 -0.525 -0.577384174 -0.625526482 -0.675  
    -0.721873529 -0.753220584 -0.79437203 -0.825 -0.850093418  
    -0.87708219 -0.9 -0.923382134 -0.936842272 -0.948691152 -0.95352991  
    -0.95423399 -0.95 -0.939421075 -0.925 -0.901651924 -0.877174266  
    -0.85 -0.822287789 -0.778759378 -0.744114977 -0.7 -0.65 -0.6  
    -0.535648289 -0.475 -0.40817138 -0.35 -0.275 -0.196547876 -0.1 0.0 
  NLIM = 88 
  RLIM = 1.016 1.016 1.018 1.018 1.018 1.018 1.018 1.018 1.018 1.018  
    1.016 1.012 1.001 1.029 1.042 1.046 1.056 1.097 1.108 1.116 1.134  
    1.148 1.162 1.181 1.182 1.185 1.19 1.195 1.201 1.209 1.215 1.222  
    1.228 1.234 1.239 1.242 1.248 1.258 1.263 1.28 1.28 1.28 1.31 1.328  
    1.361 1.38 1.419 1.419 1.372 1.372 1.608 1.647 1.785 2.07 2.128  
    2.245 2.323 2.377 2.352 2.351 2.351 2.354 2.354 2.354 2.353 2.351  
    2.353 2.377 2.134 1.786 1.768 1.768 1.682 1.674 1.674 1.681 1.754  
    1.754 1.689 1.689 1.555 1.412 1.273 1.153 1.016 1.016 1.016 1.016 
  ZLIM = 0.0 0.964 0.968 1.001 1.019 1.077 1.07 1.096 1.113 1.138 1.147  
    1.165 1.217 1.217 1.1624 1.16238 1.1626 1.1645 1.16594 1.16591  
    1.16896 1.17175 1.17556 1.183 1.1835 1.185 1.188 1.191 1.196 1.202  
    1.208 1.214 1.221 1.231 1.238 1.244 1.254 1.278 1.29 1.331 1.347  
    1.348 1.348 1.348 1.348 1.348 1.348 1.31 1.31 1.292 1.095 1.077  
    1.077 1.04 0.993 0.709 0.519 0.389 0.4 0.337 0.205 0.068 0.0 -0.068  
    -0.205 -0.337 -0.4 -0.389 -0.973 -1.174 -1.211 -1.254 -1.254 -1.262  
    -1.329 -1.339 -1.339 -1.368 -1.368 -1.366 -1.366 -1.366 -1.366  
    -1.366 -1.229 -0.8 -0.415 -0.4 
/

